0.04997497	-201.00503E-03
0.0999498	-351.75880E-03
0.1499247	-201.00503E-03
0.19989946	-201.00503E-03
0.24987429	-201.00503E-03
0.29984912	-201.00503E-03
0.34982395	-201.00503E-03
0.39979878	-201.00503E-03
0.44977361	-201.00503E-03
0.49974844	-201.00503E-03
0.54972327	-351.75880E-03
0.5996981	-201.00503E-03
0.64967293	-201.00503E-03
0.69964776	-238.69347E-03
0.74962259	-201.00503E-03
0.79959742	-238.69347E-03
0.84957225	-201.00503E-03
0.89954708	-201.00503E-03
0.94952191	-201.00503E-03
0.99949674	-201.00503E-03
1.04947157	-201.00503E-03
1.0994464	-201.00503E-03
1.14942123	-201.00503E-03
1.19939606	-201.00503E-03
1.24937089	-201.00503E-03
1.29934572	-201.00503E-03
1.34932055	-201.00503E-03
1.39929538	-201.00503E-03
1.44927021	-201.00503E-03
1.49924504	-201.00503E-03
1.54921987	-201.00503E-03
1.5991947	-201.00503E-03
1.64916953	-201.00503E-03
1.69914436	-201.00503E-03
1.74911919	-201.00503E-03
1.79909402	-201.00503E-03
1.84906885	-201.00503E-03
1.89904368	-201.00503E-03
1.94901851	-201.00503E-03
1.99899334	-351.75880E-03
2.04896817	-201.00503E-03
2.098943	-201.00503E-03
2.14891783	-201.00503E-03
2.19889266	-351.75880E-03
2.24886749	-201.00503E-03
2.29884232	-238.69347E-03
2.34881715	-201.00503E-03
2.39879198	-238.69347E-03
2.44876681	-201.00503E-03
2.49874164	-201.00503E-03
2.54871647	-238.69347E-03
2.5986913	-238.69347E-03
2.64866613	-201.00503E-03
2.69864096	-351.75880E-03
2.74861579	-201.00503E-03
2.79859062	-201.00503E-03
2.84856545	-201.00503E-03
2.89854028	-201.00503E-03
2.94851511	-201.00503E-03
2.99848994	-201.00503E-03
3.04846477	-351.75880E-03
3.0984396	-351.75880E-03
3.14841443	-351.75880E-03
3.19838926	-201.00503E-03
3.24836409	-201.00503E-03
3.29833892	-238.69347E-03
3.34831375	-201.00503E-03
3.39828858	-201.00503E-03
3.44826341	-201.00503E-03
3.49823824	-402.01005E-03
3.54821307	-238.69347E-03
3.5981879	-201.00503E-03
3.64816273	-351.75880E-03
3.69813756	-351.75880E-03
3.74811239	-201.00503E-03
3.79808722	-201.00503E-03
3.84806205	-201.00503E-03
3.89803688	-201.00503E-03
3.94801171	-351.75880E-03
3.99798654	-201.00503E-03
4.04796137	-201.00503E-03
4.0979362	-201.00503E-03
4.14791103	-238.69347E-03
4.19788586	-201.00503E-03
4.24786069	-201.00503E-03
4.29783552	-238.69347E-03
4.34781035	-201.00503E-03
4.39778518	-201.00503E-03
4.44776001	-201.00503E-03
4.49773484	-238.69347E-03
4.54770967	-201.00503E-03
4.5976845	-201.00503E-03
4.64765933	-201.00503E-03
4.69763416	-351.75880E-03
4.74760899	-201.00503E-03
4.79758382	-201.00503E-03
4.84755865	-201.00503E-03
4.89753348	-201.00503E-03
4.94750831	-201.00503E-03
4.99748314	-201.00503E-03
5.04745797	-201.00503E-03
5.0974328	-201.00503E-03
5.14740763	-201.00503E-03
5.19738246	-201.00503E-03
5.24735729	-201.00503E-03
5.29733212	-201.00503E-03
5.34730695	-201.00503E-03
5.39728178	-201.00503E-03
5.44725661	-201.00503E-03
5.49723144	-201.00503E-03
5.54720627	-201.00503E-03
5.5971811	-201.00503E-03
5.64715593	-201.00503E-03
5.69713076	-201.00503E-03
5.74710559	-201.00503E-03
5.79708042	-201.00503E-03
5.84705525	-238.69347E-03
5.89703008	-201.00503E-03
5.94700491	-201.00503E-03
5.99697974	-201.00503E-03
6.04695457	-201.00503E-03
6.0969294	-201.00503E-03
6.14690423	-201.00503E-03
6.19687906	-201.00503E-03
6.24685389	-402.01005E-03
6.29682872	-201.00503E-03
6.34680355	-201.00503E-03
6.39677838	-201.00503E-03
6.44675321	-351.75880E-03
6.49672804	-201.00503E-03
6.54670287	-201.00503E-03
6.5966777	-201.00503E-03
6.64665253	-201.00503E-03
6.69662736	-201.00503E-03
6.74660219	-201.00503E-03
6.79657702	-201.00503E-03
6.84655185	-201.00503E-03
6.89652668	-201.00503E-03
6.94650151	-201.00503E-03
6.99647634	-201.00503E-03
7.04645117	-201.00503E-03
7.096426	-201.00503E-03
7.14640083	-201.00503E-03
7.19637566	-351.75880E-03
7.24635049	-201.00503E-03
7.29632532	-201.00503E-03
7.34630015	-238.69347E-03
7.39627498	-201.00503E-03
7.44624981	-201.00503E-03
7.49622464	-351.75880E-03
7.54619947	-201.00503E-03
7.5961743	-201.00503E-03
7.64614913	-201.00503E-03
7.69612396	-201.00503E-03
7.74609879	-201.00503E-03
7.79607362	-201.00503E-03
7.84604845	-201.00503E-03
7.89602328	-201.00503E-03
7.94599811	-75.37689E-03
7.99597294	-201.00503E-03
8.04594777	-238.69347E-03
8.0959226	-201.00503E-03
8.14589743	-351.75880E-03
8.19587226	-201.00503E-03
8.24584709	-201.00503E-03
8.29582192	-201.00503E-03
8.34579675	-201.00503E-03
8.39577158	-201.00503E-03
8.44574641	-201.00503E-03
8.49572124	-201.00503E-03
8.54569607	-201.00503E-03
8.5956709	-201.00503E-03
8.64564573	-201.00503E-03
8.69562056	-201.00503E-03
8.74559539	-201.00503E-03
8.79557022	-201.00503E-03
8.84554505	-201.00503E-03
8.89551988	-201.00503E-03
8.94549471	-201.00503E-03
8.99546954	-201.00503E-03
9.04544437	-201.00503E-03
9.0954192	-201.00503E-03
9.14539403	-201.00503E-03
9.19536886	-201.00503E-03
9.24534369	-201.00503E-03
9.29531852	-201.00503E-03
9.34529335	-201.00503E-03
9.39526818	-201.00503E-03
9.44524301	-201.00503E-03
9.49521784	-201.00503E-03
9.54519267	-201.00503E-03
9.5951675	-201.00503E-03
9.64514233	-201.00503E-03
9.69511716	-201.00503E-03
9.74509199	-201.00503E-03
9.79506682	-201.00503E-03
9.84504165	-201.00503E-03
9.89501648	-201.00503E-03
9.94499131	-201.00503E-03
9.99496614	-201.00503E-03
10.04494097	-201.00503E-03
10.0949158	-201.00503E-03
10.14489063	-201.00503E-03
10.19486546	-201.00503E-03
10.24484029	-75.37689E-03
10.29481512	-201.00503E-03
10.34478995	-201.00503E-03
10.39476478	-201.00503E-03
10.44473961	-201.00503E-03
10.49471444	-201.00503E-03
10.54468927	-201.00503E-03
10.5946641	-238.69347E-03
10.64463893	-201.00503E-03
10.69461376	-201.00503E-03
10.74458859	-201.00503E-03
10.79456342	-201.00503E-03
10.84453825	-201.00503E-03
10.89451308	-201.00503E-03
10.94448791	-201.00503E-03
10.99446274	-201.00503E-03
11.04443757	-201.00503E-03
11.0944124	-201.00503E-03
11.14438723	-37.68844E-03
11.19436206	-201.00503E-03
11.24433689	-201.00503E-03
11.29431172	-201.00503E-03
11.34428655	-201.00503E-03
11.39426138	-201.00503E-03
11.44423621	-201.00503E-03
11.49421104	-201.00503E-03
11.54418587	-201.00503E-03
11.5941607	-201.00503E-03
11.64413553	-201.00503E-03
11.69411036	-201.00503E-03
11.74408519	-201.00503E-03
11.79406002	-201.00503E-03
11.84403485	-37.68844E-03
11.89400968	-201.00503E-03
11.94398451	-37.68844E-03
11.99395934	+0.0E+00
12.04393417	+0.0E+00
12.093909	-150.75377E-03
12.14388383	+0.0E+00
12.19385866	+0.0E+00
12.24383349	+0.0E+00
12.29380832	+0.0E+00
12.34378315	-150.75377E-03
12.39375798	+0.0E+00
12.44373281	+0.0E+00
12.49370764	+0.0E+00
12.54368247	+0.0E+00
12.5936573	+0.0E+00
12.64363213	+0.0E+00
12.69360696	+0.0E+00
12.74358179	+0.0E+00
12.79355662	+0.0E+00
12.84353145	+0.0E+00
12.89350628	+150.75377E-03
12.94348111	+150.75377E-03
12.99345594	+0.0E+00
13.04343077	+201.00503E-03
13.0934056	+37.68844E-03
13.14338043	+0.0E+00
13.19335526	+201.00503E-03
13.24333009	+201.00503E-03
13.29330492	+238.69347E-03
13.34327975	+351.75880E-03
13.39325458	+402.01005E-03
13.44322941	+603.01508E-03
13.49320424	+603.01508E-03
13.54317907	+804.02011E-03
13.5931539	+1.04271358E+00
13.64312873	+1.40703519E+00
13.69310356	+2.01005027E+00
13.74307839	+2.21105529E+00
13.79305322	+2.04773871E+00
13.84302805	+2.01005027E+00
13.89300288	+2.21105529E+00
13.94297771	+2.61306535E+00
13.99295254	+2.96482414E+00
14.04292737	+3.21608043E+00
14.0929022	+3.21608043E+00
14.14287703	+3.41708545E+00
14.19285186	+3.61809048E+00
14.24282669	+3.81909551E+00
14.29280152	+4.37185933E+00
14.34277635	+4.66080406E+00
14.39275118	+5.37688446E+00
14.44272601	+5.66582919E+00
14.49270084	+6.23115583E+00
14.54267567	+6.78391965E+00
14.5926505	+7.43718599E+00
14.64262533	+7.98994981E+00
14.69260016	+8.59296489E+00
14.74257499	+9.04522620E+00
14.79254982	+9.59799002E+00
14.84252465	+10.05025133E+00
14.89249948	+10.25125636E+00
14.94247431	+10.45226139E+00
14.99244914	+10.65326642E+00
15.04242397	+10.65326642E+00
15.0923988	+10.45226139E+00
15.14237363	+10.08793978E+00
15.19234846	+9.84924631E+00
15.24232329	+9.24623123E+00
15.29229812	+8.84422117E+00
15.34227295	+8.24120609E+00
15.39224778	+7.63819101E+00
15.44222261	+7.23618096E+00
15.49219744	+6.83417091E+00
15.54217227	+6.43216085E+00
15.5921471	+5.86683422E+00
15.64212193	+5.62814075E+00
15.69209676	+5.22613069E+00
15.74207159	+4.86180908E+00
15.79204642	+4.82412064E+00
15.84202125	+4.77386938E+00
15.89199608	+5.22613069E+00
15.94197091	+6.98492468E+00
15.99194574	+7.43718599E+00
16.04192057	+7.07286438E+00
16.0918954	+2.04773871E+00
16.14187023	+3.61809048E+00
16.19184506	+2.61306535E+00
16.24181989	+1.40703519E+00
16.29179472	+1.15577890E+00
16.34176955	+1.80904524E+00
16.39174438	+1.04271358E+00
16.44171921	+804.02011E-03
16.49169404	+603.01508E-03
16.54166887	+351.75880E-03
16.5916437	+0.0E+00
16.64161853	+201.00503E-03
16.69159336	+0.0E+00
16.74156819	+37.68844E-03
16.79154302	+0.0E+00
16.84151785	+0.0E+00
16.89149268	-150.75377E-03
16.94146751	-201.00503E-03
16.99144234	-201.00503E-03
17.04141717	-150.75377E-03
17.091392	-201.00503E-03
17.14136683	-201.00503E-03
17.19134166	-201.00503E-03
17.24131649	-201.00503E-03
17.29129132	-201.00503E-03
17.34126615	-201.00503E-03
17.39124098	-201.00503E-03
17.44121581	-201.00503E-03
17.49119064	-238.69347E-03
17.54116547	-201.00503E-03
17.5911403	-201.00503E-03
17.64111513	-201.00503E-03
17.69108996	-201.00503E-03
17.74106479	-201.00503E-03
17.79103962	-201.00503E-03
17.84101445	-201.00503E-03
17.89098928	-238.69347E-03
17.94096411	-201.00503E-03
17.99093894	-201.00503E-03
18.04091377	-201.00503E-03
18.0908886	-201.00503E-03
18.14086343	-238.69347E-03
18.19083826	-201.00503E-03
18.24081309	-351.75880E-03
18.29078792	-201.00503E-03
18.34076275	-201.00503E-03
18.39073758	-238.69347E-03
18.44071241	-201.00503E-03
18.49068724	-201.00503E-03
18.54066207	-201.00503E-03
18.5906369	-201.00503E-03
18.64061173	-201.00503E-03
18.69058656	-201.00503E-03
18.74056139	-201.00503E-03
18.79053622	-201.00503E-03
18.84051105	-201.00503E-03
18.89048588	-201.00503E-03
18.94046071	-201.00503E-03
18.99043554	-201.00503E-03
19.04041037	-201.00503E-03
19.0903852	-201.00503E-03
19.14036003	-238.69347E-03
19.19033486	-201.00503E-03
19.24030969	-201.00503E-03
19.29028452	-238.69347E-03
19.34025935	-201.00503E-03
19.39023418	-201.00503E-03
19.44020901	-201.00503E-03
19.49018384	-201.00503E-03
19.54015867	-201.00503E-03
19.5901335	-351.75880E-03
19.64010833	-238.69347E-03
19.69008316	-201.00503E-03
19.74005799	-238.69347E-03
19.79003282	-201.00503E-03
19.84000765	-201.00503E-03
19.88998248	-201.00503E-03
19.93995731	-201.00503E-03
19.98993214	-351.75880E-03
20.03990697	-238.69347E-03
20.0898818	-201.00503E-03
20.13985663	-201.00503E-03
20.18983146	-201.00503E-03
20.23980629	-201.00503E-03
20.28978112	-238.69347E-03
20.33975595	-201.00503E-03
20.38973078	-201.00503E-03
20.43970561	-201.00503E-03
20.48968044	-201.00503E-03
20.53965527	-201.00503E-03
20.5896301	-201.00503E-03
20.63960493	-201.00503E-03
20.68957976	-201.00503E-03
20.73955459	-201.00503E-03
20.78952942	-201.00503E-03
20.83950425	-201.00503E-03
20.88947908	-201.00503E-03
20.93945391	-201.00503E-03
20.98942874	-238.69347E-03
21.03940357	-201.00503E-03
21.0893784	-201.00503E-03
21.13935323	-238.69347E-03
21.18932806	-201.00503E-03
21.23930289	-201.00503E-03
21.28927772	-201.00503E-03
21.33925255	-201.00503E-03
21.38922738	-201.00503E-03
21.43920221	-351.75880E-03
21.48917704	-201.00503E-03
21.53915187	-201.00503E-03
21.5891267	-351.75880E-03
21.63910153	-201.00503E-03
21.68907636	-201.00503E-03
21.73905119	-238.69347E-03
21.78902602	-201.00503E-03
21.83900085	-201.00503E-03
21.88897568	-238.69347E-03
21.93895051	-201.00503E-03
21.98892534	-201.00503E-03
22.03890017	-201.00503E-03
22.088875	-201.00503E-03
22.13884983	-201.00503E-03
22.18882466	-201.00503E-03
22.23879949	-201.00503E-03
22.28877432	-201.00503E-03
22.33874915	-351.75880E-03
22.38872398	-201.00503E-03
22.43869881	-238.69347E-03
22.48867364	-351.75880E-03
22.53864847	-238.69347E-03
22.5886233	-238.69347E-03
22.63859813	-201.00503E-03
22.68857296	-201.00503E-03
22.73854779	-201.00503E-03
22.78852262	-201.00503E-03
22.83849745	-201.00503E-03
22.88847228	-201.00503E-03
22.93844711	-201.00503E-03
22.98842194	-201.00503E-03
23.03839677	-201.00503E-03
23.0883716	-201.00503E-03
23.13834643	-201.00503E-03
23.18832126	-238.69347E-03
23.23829609	-201.00503E-03
23.28827092	-201.00503E-03
23.33824575	-351.75880E-03
23.38822058	-238.69347E-03
23.43819541	-201.00503E-03
23.48817024	-201.00503E-03
23.53814507	-201.00503E-03
23.5881199	-201.00503E-03
23.63809473	-201.00503E-03
23.68806956	-201.00503E-03
23.73804439	-201.00503E-03
23.78801922	-201.00503E-03
23.83799405	-201.00503E-03
23.88796888	-201.00503E-03
23.93794371	-201.00503E-03
23.98791854	-402.01005E-03
24.03789337	-201.00503E-03
24.0878682	-201.00503E-03
24.13784303	-201.00503E-03
24.18781786	-201.00503E-03
24.23779269	-201.00503E-03
24.28776752	-201.00503E-03
24.33774235	-201.00503E-03
24.38771718	-201.00503E-03
24.43769201	-201.00503E-03
24.48766684	-351.75880E-03
24.53764167	-201.00503E-03
24.5876165	-201.00503E-03
24.63759133	-201.00503E-03
24.68756616	-201.00503E-03
24.73754099	-201.00503E-03
24.78751582	-201.00503E-03
24.83749065	-238.69347E-03
24.88746548	-201.00503E-03
24.93744031	-201.00503E-03
24.98741514	-201.00503E-03
25.03738997	-201.00503E-03
25.0873648	-238.69347E-03
25.13733963	-238.69347E-03
25.18731446	-201.00503E-03
25.23728929	-201.00503E-03
25.28726412	-201.00503E-03
25.33723895	-201.00503E-03
25.38721378	-201.00503E-03
25.43718861	-201.00503E-03
25.48716344	-201.00503E-03
25.53713827	-201.00503E-03
25.5871131	-238.69347E-03
25.63708793	-201.00503E-03
25.68706276	-351.75880E-03
25.73703759	-201.00503E-03
25.78701242	-238.69347E-03
25.83698725	-201.00503E-03
25.88696208	-201.00503E-03
25.93693691	-201.00503E-03
25.98691174	-201.00503E-03
26.03688657	-201.00503E-03
26.0868614	-201.00503E-03
26.13683623	-201.00503E-03
26.18681106	-201.00503E-03
26.23678589	-351.75880E-03
26.28676072	-201.00503E-03
26.33673555	-351.75880E-03
26.38671038	-201.00503E-03
26.43668521	-201.00503E-03
26.48666004	-351.75880E-03
26.53663487	-201.00503E-03
26.5866097	-201.00503E-03
26.63658453	-351.75880E-03
26.68655936	-201.00503E-03
26.73653419	-201.00503E-03
26.78650902	-201.00503E-03
26.83648385	-201.00503E-03
26.88645868	-201.00503E-03
26.93643351	-201.00503E-03
26.98640834	-201.00503E-03
27.03638317	-238.69347E-03
27.086358	-201.00503E-03
27.13633283	-201.00503E-03
27.18630766	-201.00503E-03
27.23628249	-201.00503E-03
27.28625732	-201.00503E-03
27.33623215	-201.00503E-03
27.38620698	-201.00503E-03
27.43618181	-201.00503E-03
27.48615664	-201.00503E-03
27.53613147	-351.75880E-03
27.5861063	-238.69347E-03
27.63608113	-201.00503E-03
27.68605596	-201.00503E-03
27.73603079	-201.00503E-03
27.78600562	-201.00503E-03
27.83598045	-238.69347E-03
27.88595528	-351.75880E-03
27.93593011	-238.69347E-03
27.98590494	-201.00503E-03
28.03587977	-201.00503E-03
28.0858546	-201.00503E-03
28.13582943	-238.69347E-03
28.18580426	-238.69347E-03
28.23577909	-238.69347E-03
28.28575392	-351.75880E-03
28.33572875	-201.00503E-03
28.38570358	-238.69347E-03
28.43567841	-201.00503E-03
28.48565324	-201.00503E-03
28.53562807	-201.00503E-03
28.5856029	-238.69347E-03
28.63557773	-201.00503E-03
28.68555256	-351.75880E-03
28.73552739	-201.00503E-03
28.78550222	-402.01005E-03
28.83547705	-201.00503E-03
28.88545188	-351.75880E-03
28.93542671	-402.01005E-03
28.98540154	-201.00503E-03
29.03537637	-201.00503E-03
29.0853512	-201.00503E-03
29.13532603	-238.69347E-03
29.18530086	-201.00503E-03
29.23527569	-201.00503E-03
29.28525052	-238.69347E-03
29.33522535	-201.00503E-03
29.38520018	-201.00503E-03
29.43517501	-201.00503E-03
29.48514984	-201.00503E-03
29.53512467	-238.69347E-03
29.5850995	-238.69347E-03
29.63507433	-201.00503E-03
29.68504916	-201.00503E-03
29.73502399	-201.00503E-03
29.78499882	-201.00503E-03
29.83497365	-351.75880E-03
29.88494848	-238.69347E-03
29.93492331	-201.00503E-03
29.98489814	-201.00503E-03
30.03487297	-201.00503E-03
30.0848478	-201.00503E-03
30.13482263	-238.69347E-03
30.18479746	-201.00503E-03
30.23477229	-201.00503E-03
30.28474712	-201.00503E-03
30.33472195	-201.00503E-03
30.38469678	-201.00503E-03
30.43467161	-201.00503E-03
30.48464644	-238.69347E-03
30.53462127	-201.00503E-03
30.5845961	-201.00503E-03
30.63457093	-201.00503E-03
30.68454576	-201.00503E-03
30.73452059	-201.00503E-03
30.78449542	-201.00503E-03
30.83447025	-351.75880E-03
30.88444508	-238.69347E-03
30.93441991	-201.00503E-03
30.98439474	-201.00503E-03
31.03436957	-238.69347E-03
31.0843444	-201.00503E-03
31.13431923	-201.00503E-03
31.18429406	-201.00503E-03
31.23426889	-201.00503E-03
31.28424372	-201.00503E-03
31.33421855	-201.00503E-03
31.38419338	-201.00503E-03
31.43416821	-238.69347E-03
31.48414304	-201.00503E-03
31.53411787	-351.75880E-03
31.5840927	-201.00503E-03
31.63406753	-351.75880E-03
31.68404236	-201.00503E-03
31.73401719	-201.00503E-03
31.78399202	-238.69347E-03
31.83396685	-201.00503E-03
31.88394168	-201.00503E-03
31.93391651	-201.00503E-03
31.98389134	-201.00503E-03
32.03386617	-238.69347E-03
32.083841	-201.00503E-03
32.13381583	-238.69347E-03
32.18379066	-201.00503E-03
32.23376549	-238.69347E-03
32.28374032	-201.00503E-03
32.33371515	-351.75880E-03
32.38368998	-201.00503E-03
32.43366481	-201.00503E-03
32.48363964	-238.69347E-03
32.53361447	-201.00503E-03
32.5835893	-201.00503E-03
32.63356413	-351.75880E-03
32.68353896	-201.00503E-03
32.73351379	-351.75880E-03
32.78348862	-201.00503E-03
32.83346345	-201.00503E-03
32.88343828	-201.00503E-03
32.93341311	-201.00503E-03
32.98338794	-201.00503E-03
33.03336277	-201.00503E-03
33.0833376	-351.75880E-03
33.13331243	-201.00503E-03
33.18328726	-351.75880E-03
33.23326209	-201.00503E-03
33.28323692	-238.69347E-03
33.33321175	-201.00503E-03
33.38318658	-201.00503E-03
33.43316141	-201.00503E-03
33.48313624	-238.69347E-03
33.53311107	-201.00503E-03
33.5830859	-238.69347E-03
33.63306073	-201.00503E-03
33.68303556	-201.00503E-03
33.73301039	-201.00503E-03
33.78298522	-201.00503E-03
33.83296005	-201.00503E-03
33.88293488	-201.00503E-03
33.93290971	-201.00503E-03
33.98288454	-351.75880E-03
34.03285937	-351.75880E-03
34.0828342	-201.00503E-03
34.13280903	-201.00503E-03
34.18278386	-201.00503E-03
34.23275869	-201.00503E-03
34.28273352	-201.00503E-03
34.33270835	-201.00503E-03
34.38268318	-201.00503E-03
34.43265801	-201.00503E-03
34.48263284	-238.69347E-03
34.53260767	-201.00503E-03
34.5825825	-201.00503E-03
34.63255733	-201.00503E-03
34.68253216	-201.00503E-03
34.73250699	-201.00503E-03
34.78248182	-201.00503E-03
34.83245665	-201.00503E-03
34.88243148	-351.75880E-03
34.93240631	-201.00503E-03
34.98238114	-201.00503E-03
35.03235597	-351.75880E-03
35.0823308	-201.00503E-03
35.13230563	-238.69347E-03
35.18228046	-402.01005E-03
35.23225529	-201.00503E-03
35.28223012	-201.00503E-03
35.33220495	-351.75880E-03
35.38217978	-201.00503E-03
35.43215461	-201.00503E-03
35.48212944	-402.01005E-03
35.53210427	-201.00503E-03
35.5820791	-201.00503E-03
35.63205393	-351.75880E-03
35.68202876	-201.00503E-03
35.73200359	-201.00503E-03
35.78197842	-201.00503E-03
35.83195325	-201.00503E-03
35.88192808	-201.00503E-03
35.93190291	-201.00503E-03
35.98187774	-201.00503E-03
36.03185257	-201.00503E-03
36.0818274	-201.00503E-03
36.13180223	-351.75880E-03
36.18177706	-201.00503E-03
36.23175189	-238.69347E-03
36.28172672	-238.69347E-03
36.33170155	-201.00503E-03
36.38167638	-201.00503E-03
36.43165121	-201.00503E-03
36.48162604	-238.69347E-03
36.53160087	-201.00503E-03
36.5815757	-201.00503E-03
36.63155053	-201.00503E-03
36.68152536	-238.69347E-03
36.73150019	-201.00503E-03
36.78147502	-201.00503E-03
36.83144985	-201.00503E-03
36.88142468	-351.75880E-03
36.93139951	-201.00503E-03
36.98137434	-201.00503E-03
37.03134917	-201.00503E-03
37.081324	-201.00503E-03
37.13129883	-201.00503E-03
37.18127366	-201.00503E-03
37.23124849	-201.00503E-03
37.28122332	-201.00503E-03
37.33119815	-351.75880E-03
37.38117298	-351.75880E-03
37.43114781	-201.00503E-03
37.48112264	-201.00503E-03
37.53109747	-201.00503E-03
37.5810723	-201.00503E-03
37.63104713	-201.00503E-03
37.68102196	-201.00503E-03
37.73099679	-201.00503E-03
37.78097162	-201.00503E-03
37.83094645	-351.75880E-03
37.88092128	-201.00503E-03
37.93089611	-201.00503E-03
37.98087094	-201.00503E-03
38.03084577	-201.00503E-03
38.0808206	-201.00503E-03
38.13079543	-201.00503E-03
38.18077026	-201.00503E-03
38.23074509	-201.00503E-03
38.28071992	-201.00503E-03
38.33069475	-201.00503E-03
38.38066958	-201.00503E-03
38.43064441	-351.75880E-03
38.48061924	-201.00503E-03
38.53059407	-201.00503E-03
38.5805689	-201.00503E-03
38.63054373	-201.00503E-03
38.68051856	-201.00503E-03
38.73049339	-201.00503E-03
38.78046822	-238.69347E-03
38.83044305	-351.75880E-03
38.88041788	-201.00503E-03
38.93039271	-201.00503E-03
38.98036754	-201.00503E-03
39.03034237	-201.00503E-03
39.0803172	-201.00503E-03
39.13029203	-201.00503E-03
39.18026686	-201.00503E-03
39.23024169	-201.00503E-03
39.28021652	-238.69347E-03
39.33019135	-238.69347E-03
39.38016618	-201.00503E-03
39.43014101	-201.00503E-03
39.48011584	-201.00503E-03
39.53009067	-201.00503E-03
39.5800655	-201.00503E-03
39.63004033	-238.69347E-03
39.68001516	-201.00503E-03
39.72998999	-238.69347E-03
39.77996482	-351.75880E-03
39.82993965	-201.00503E-03
39.87991448	-238.69347E-03
39.92988931	-201.00503E-03
39.97986414	-201.00503E-03
40.02983897	-201.00503E-03
40.0798138	-201.00503E-03
40.12978863	-201.00503E-03
40.17976346	-201.00503E-03
40.22973829	-201.00503E-03
40.27971312	-201.00503E-03
40.32968795	-201.00503E-03
40.37966278	-201.00503E-03
40.42963761	-201.00503E-03
40.47961244	-201.00503E-03
40.52958727	-201.00503E-03
40.5795621	-238.69347E-03
40.62953693	-201.00503E-03
40.67951176	-351.75880E-03
40.72948659	-238.69347E-03
40.77946142	-201.00503E-03
40.82943625	-201.00503E-03
40.87941108	-351.75880E-03
40.92938591	-351.75880E-03
40.97936074	-201.00503E-03
41.02933557	-351.75880E-03
41.0793104	-201.00503E-03
41.12928523	-201.00503E-03
41.17926006	-201.00503E-03
41.22923489	-201.00503E-03
41.27920972	-351.75880E-03
41.32918455	-201.00503E-03
41.37915938	-351.75880E-03
41.42913421	-201.00503E-03
41.47910904	-201.00503E-03
41.52908387	-201.00503E-03
41.5790587	-201.00503E-03
41.62903353	-201.00503E-03
41.67900836	-201.00503E-03
41.72898319	-201.00503E-03
41.77895802	-351.75880E-03
41.82893285	-351.75880E-03
41.87890768	-201.00503E-03
41.92888251	-351.75880E-03
41.97885734	-201.00503E-03
42.02883217	-201.00503E-03
42.078807	-351.75880E-03
42.12878183	-201.00503E-03
42.17875666	-201.00503E-03
42.22873149	-238.69347E-03
42.27870632	-201.00503E-03
42.32868115	-201.00503E-03
42.37865598	-201.00503E-03
42.42863081	-201.00503E-03
42.47860564	-238.69347E-03
42.52858047	-201.00503E-03
42.5785553	-238.69347E-03
42.62853013	-201.00503E-03
42.67850496	-201.00503E-03
42.72847979	-201.00503E-03
42.77845462	-201.00503E-03
42.82842945	-201.00503E-03
42.87840428	-201.00503E-03
42.92837911	-238.69347E-03
42.97835394	-201.00503E-03
43.02832877	-351.75880E-03
43.0783036	-351.75880E-03
43.12827843	-351.75880E-03
43.17825326	-201.00503E-03
43.22822809	-201.00503E-03
43.27820292	-238.69347E-03
43.32817775	-201.00503E-03
43.37815258	-201.00503E-03
43.42812741	-201.00503E-03
43.47810224	-351.75880E-03
43.52807707	-201.00503E-03
43.5780519	-238.69347E-03
43.62802673	-238.69347E-03
43.67800156	-201.00503E-03
43.72797639	-351.75880E-03
43.77795122	-351.75880E-03
43.82792605	-351.75880E-03
43.87790088	-351.75880E-03
43.92787571	-201.00503E-03
43.97785054	-201.00503E-03
44.02782537	-238.69347E-03
44.0778002	-351.75880E-03
44.12777503	-201.00503E-03
44.17774986	-201.00503E-03
44.22772469	-201.00503E-03
44.27769952	-201.00503E-03
44.32767435	-201.00503E-03
44.37764918	-201.00503E-03
44.42762401	-201.00503E-03
44.47759884	-238.69347E-03
44.52757367	-201.00503E-03
44.5775485	-201.00503E-03
44.62752333	-351.75880E-03
44.67749816	-201.00503E-03
44.72747299	-201.00503E-03
44.77744782	-201.00503E-03
44.82742265	-201.00503E-03
44.87739748	-201.00503E-03
44.92737231	-201.00503E-03
44.97734714	-201.00503E-03
45.02732197	-37.68844E-03
45.0772968	-201.00503E-03
45.12727163	-201.00503E-03
45.17724646	-201.00503E-03
45.22722129	-201.00503E-03
45.27719612	-201.00503E-03
45.32717095	-201.00503E-03
45.37714578	-201.00503E-03
45.42712061	-201.00503E-03
45.47709544	-402.01005E-03
45.52707027	-201.00503E-03
45.5770451	-201.00503E-03
45.62701993	-201.00503E-03
45.67699476	-201.00503E-03
45.72696959	-201.00503E-03
45.77694442	-201.00503E-03
45.82691925	-201.00503E-03
45.87689408	-351.75880E-03
45.92686891	-238.69347E-03
45.97684374	-351.75880E-03
46.02681857	-201.00503E-03
46.0767934	-201.00503E-03
46.12676823	-351.75880E-03
46.17674306	-201.00503E-03
46.22671789	-201.00503E-03
46.27669272	-201.00503E-03
46.32666755	-201.00503E-03
46.37664238	-201.00503E-03
46.42661721	-238.69347E-03
46.47659204	-201.00503E-03
46.52656687	-201.00503E-03
46.5765417	-201.00503E-03
46.62651653	-201.00503E-03
46.67649136	-238.69347E-03
46.72646619	-201.00503E-03
46.77644102	-238.69347E-03
46.82641585	-201.00503E-03
46.87639068	-201.00503E-03
46.92636551	-201.00503E-03
46.97634034	-201.00503E-03
47.02631517	-238.69347E-03
47.07629	-238.69347E-03
47.12626483	-201.00503E-03
47.17623966	-201.00503E-03
47.22621449	-351.75880E-03
47.27618932	-201.00503E-03
47.32616415	-238.69347E-03
47.37613898	-201.00503E-03
47.42611381	-201.00503E-03
47.47608864	-201.00503E-03
47.52606347	-201.00503E-03
47.5760383	-201.00503E-03
47.62601313	-201.00503E-03
47.67598796	-238.69347E-03
47.72596279	-201.00503E-03
47.77593762	-201.00503E-03
47.82591245	-201.00503E-03
47.87588728	-201.00503E-03
47.92586211	-201.00503E-03
47.97583694	-201.00503E-03
48.02581177	-201.00503E-03
48.0757866	-201.00503E-03
48.12576143	-201.00503E-03
48.17573626	-201.00503E-03
48.22571109	-201.00503E-03
48.27568592	-238.69347E-03
48.32566075	-201.00503E-03
48.37563558	-201.00503E-03
48.42561041	-201.00503E-03
48.47558524	-201.00503E-03
48.52556007	-201.00503E-03
48.5755349	-351.75880E-03
48.62550973	-201.00503E-03
48.67548456	-201.00503E-03
48.72545939	-201.00503E-03
48.77543422	-201.00503E-03
48.82540905	-201.00503E-03
48.87538388	-201.00503E-03
48.92535871	-201.00503E-03
48.97533354	-201.00503E-03
49.02530837	-201.00503E-03
49.0752832	-201.00503E-03
49.12525803	-201.00503E-03
49.17523286	-201.00503E-03
49.22520769	-201.00503E-03
49.27518252	-201.00503E-03
49.32515735	-201.00503E-03
49.37513218	-351.75880E-03
49.42510701	-201.00503E-03
49.47508184	-201.00503E-03
49.52505667	-201.00503E-03
49.5750315	-351.75880E-03
49.62500633	-201.00503E-03
49.67498116	-238.69347E-03
49.72495599	-351.75880E-03
49.77493082	-201.00503E-03
49.82490565	-201.00503E-03
49.87488048	-238.69347E-03
49.92485531	-201.00503E-03
49.97483014	-201.00503E-03
50.02480497	-201.00503E-03
50.0747798	-238.69347E-03
50.12475463	-201.00503E-03
50.17472946	-201.00503E-03
50.22470429	-201.00503E-03
50.27467912	-201.00503E-03
50.32465395	-201.00503E-03
50.37462878	-201.00503E-03
50.42460361	-201.00503E-03
50.47457844	-201.00503E-03
50.52455327	-201.00503E-03
50.5745281	-238.69347E-03
50.62450293	-351.75880E-03
50.67447776	-201.00503E-03
50.72445259	-201.00503E-03
50.77442742	-201.00503E-03
50.82440225	-238.69347E-03
50.87437708	-201.00503E-03
50.92435191	-351.75880E-03
50.97432674	-201.00503E-03
51.02430157	-201.00503E-03
51.0742764	-201.00503E-03
51.12425123	-201.00503E-03
51.17422606	-201.00503E-03
51.22420089	-201.00503E-03
51.27417572	-238.69347E-03
51.32415055	-238.69347E-03
51.37412538	-201.00503E-03
51.42410021	-201.00503E-03
51.47407504	-201.00503E-03
51.52404987	-201.00503E-03
51.5740247	-201.00503E-03
51.62399953	-201.00503E-03
51.67397436	-201.00503E-03
51.72394919	-402.01005E-03
51.77392402	-201.00503E-03
51.82389885	-201.00503E-03
51.87387368	-201.00503E-03
51.92384851	-201.00503E-03
51.97382334	-201.00503E-03
52.02379817	-238.69347E-03
52.073773	-238.69347E-03
52.12374783	-351.75880E-03
52.17372266	-238.69347E-03
52.22369749	-201.00503E-03
52.27367232	-238.69347E-03
52.32364715	-351.75880E-03
52.37362198	-201.00503E-03
52.42359681	-201.00503E-03
52.47357164	-351.75880E-03
52.52354647	-201.00503E-03
52.5735213	-201.00503E-03
52.62349613	-351.75880E-03
52.67347096	-201.00503E-03
52.72344579	-201.00503E-03
52.77342062	-201.00503E-03
52.82339545	-201.00503E-03
52.87337028	-351.75880E-03
52.92334511	-201.00503E-03
52.97331994	-201.00503E-03
53.02329477	-201.00503E-03
53.0732696	-201.00503E-03
53.12324443	-201.00503E-03
53.17321926	-201.00503E-03
53.22319409	-201.00503E-03
53.27316892	-238.69347E-03
53.32314375	-201.00503E-03
53.37311858	-351.75880E-03
53.42309341	-201.00503E-03
53.47306824	-201.00503E-03
53.52304307	-201.00503E-03
53.5730179	-238.69347E-03
53.62299273	-201.00503E-03
53.67296756	-201.00503E-03
53.72294239	-201.00503E-03
53.77291722	-351.75880E-03
53.82289205	-201.00503E-03
53.87286688	-201.00503E-03
53.92284171	-201.00503E-03
53.97281654	-201.00503E-03
54.02279137	-201.00503E-03
54.0727662	-201.00503E-03
54.12274103	-201.00503E-03
54.17271586	-351.75880E-03
54.22269069	-201.00503E-03
54.27266552	-201.00503E-03
54.32264035	-201.00503E-03
54.37261518	-351.75880E-03
54.42259001	-201.00503E-03
54.47256484	-201.00503E-03
54.52253967	-201.00503E-03
54.5725145	-238.69347E-03
54.62248933	-201.00503E-03
54.67246416	-201.00503E-03
54.72243899	-238.69347E-03
54.77241382	-201.00503E-03
54.82238865	-238.69347E-03
54.87236348	-201.00503E-03
54.92233831	-201.00503E-03
54.97231314	-201.00503E-03
55.02228797	-201.00503E-03
55.0722628	-201.00503E-03
55.12223763	-201.00503E-03
55.17221246	-201.00503E-03
55.22218729	-201.00503E-03
55.27216212	-201.00503E-03
55.32213695	-201.00503E-03
55.37211178	-201.00503E-03
55.42208661	-201.00503E-03
55.47206144	-201.00503E-03
55.52203627	-201.00503E-03
55.5720111	-201.00503E-03
55.62198593	-201.00503E-03
55.67196076	-238.69347E-03
55.72193559	-201.00503E-03
55.77191042	-201.00503E-03
55.82188525	-351.75880E-03
55.87186008	-238.69347E-03
55.92183491	-201.00503E-03
55.97180974	-238.69347E-03
56.02178457	-201.00503E-03
56.0717594	-201.00503E-03
56.12173423	-201.00503E-03
56.17170906	-201.00503E-03
56.22168389	-201.00503E-03
56.27165872	-201.00503E-03
56.32163355	-201.00503E-03
56.37160838	-238.69347E-03
56.42158321	-201.00503E-03
56.47155804	-201.00503E-03
56.52153287	-201.00503E-03
56.5715077	-201.00503E-03
56.62148253	-238.69347E-03
56.67145736	-201.00503E-03
56.72143219	-201.00503E-03
56.77140702	-201.00503E-03
56.82138185	-201.00503E-03
56.87135668	-201.00503E-03
56.92133151	-238.69347E-03
56.97130634	-351.75880E-03
57.02128117	-201.00503E-03
57.071256	-238.69347E-03
57.12123083	-351.75880E-03
57.17120566	-201.00503E-03
57.22118049	-351.75880E-03
57.27115532	-201.00503E-03
57.32113015	-201.00503E-03
57.37110498	-201.00503E-03
57.42107981	-201.00503E-03
57.47105464	-402.01005E-03
57.52102947	-351.75880E-03
57.5710043	-201.00503E-03
57.62097913	-238.69347E-03
57.67095396	-201.00503E-03
57.72092879	-201.00503E-03
57.77090362	-201.00503E-03
57.82087845	-201.00503E-03
57.87085328	-201.00503E-03
57.92082811	-201.00503E-03
57.97080294	-201.00503E-03
58.02077777	-201.00503E-03
58.0707526	-402.01005E-03
58.12072743	-238.69347E-03
58.17070226	-201.00503E-03
58.22067709	-201.00503E-03
58.27065192	-201.00503E-03
58.32062675	-201.00503E-03
58.37060158	-201.00503E-03
58.42057641	-201.00503E-03
58.47055124	-201.00503E-03
58.52052607	-201.00503E-03
58.5705009	-201.00503E-03
58.62047573	-201.00503E-03
58.67045056	-351.75880E-03
58.72042539	-201.00503E-03
58.77040022	-201.00503E-03
58.82037505	-201.00503E-03
58.87034988	-201.00503E-03
58.92032471	-351.75880E-03
58.97029954	-201.00503E-03
59.02027437	-201.00503E-03
59.0702492	-238.69347E-03
59.12022403	-238.69347E-03
59.17019886	-201.00503E-03
59.22017369	-201.00503E-03
59.27014852	-201.00503E-03
59.32012335	-201.00503E-03
59.37009818	-402.01005E-03
59.42007301	-201.00503E-03
59.47004784	-201.00503E-03
59.52002267	-238.69347E-03
59.5699975	-201.00503E-03
59.61997233	-351.75880E-03
59.66994716	-201.00503E-03
59.71992199	-201.00503E-03
59.76989682	-201.00503E-03
59.81987165	-201.00503E-03
59.86984648	-201.00503E-03
59.91982131	-201.00503E-03
59.96979614	-238.69347E-03
60.01977097	-201.00503E-03
60.0697458	-201.00503E-03
60.11972063	-201.00503E-03
60.16969546	-351.75880E-03
60.21967029	-201.00503E-03
60.26964512	-351.75880E-03
60.31961995	-201.00503E-03
60.36959478	-201.00503E-03
60.41956961	-201.00503E-03
60.46954444	-238.69347E-03
60.51951927	-201.00503E-03
60.5694941	-201.00503E-03
60.61946893	-201.00503E-03
60.66944376	-201.00503E-03
60.71941859	-351.75880E-03
60.76939342	-351.75880E-03
60.81936825	-201.00503E-03
60.86934308	-201.00503E-03
60.91931791	-238.69347E-03
60.96929274	-201.00503E-03
61.01926757	-201.00503E-03
61.0692424	-201.00503E-03
61.11921723	-238.69347E-03
61.16919206	-201.00503E-03
61.21916689	-201.00503E-03
61.26914172	-201.00503E-03
61.31911655	-201.00503E-03
61.36909138	-201.00503E-03
61.41906621	-201.00503E-03
61.46904104	-201.00503E-03
61.51901587	-201.00503E-03
61.5689907	-238.69347E-03
61.61896553	-201.00503E-03
61.66894036	-351.75880E-03
61.71891519	-201.00503E-03
61.76889002	-201.00503E-03
61.81886485	-201.00503E-03
61.86883968	-201.00503E-03
61.91881451	-351.75880E-03
61.96878934	-238.69347E-03
62.01876417	-351.75880E-03
62.068739	-201.00503E-03
62.11871383	-201.00503E-03
62.16868866	-201.00503E-03
62.21866349	-201.00503E-03
62.26863832	-201.00503E-03
62.31861315	-238.69347E-03
62.36858798	-201.00503E-03
62.41856281	-201.00503E-03
62.46853764	-201.00503E-03
62.51851247	-201.00503E-03
62.5684873	-201.00503E-03
62.61846213	-201.00503E-03
62.66843696	-201.00503E-03
62.71841179	-201.00503E-03
62.76838662	-201.00503E-03
62.81836145	-201.00503E-03
62.86833628	-201.00503E-03
62.91831111	-201.00503E-03
62.96828594	-201.00503E-03
63.01826077	-201.00503E-03
63.0682356	-201.00503E-03
63.11821043	-351.75880E-03
63.16818526	-238.69347E-03
63.21816009	-201.00503E-03
63.26813492	-238.69347E-03
63.31810975	-201.00503E-03
63.36808458	-201.00503E-03
63.41805941	-201.00503E-03
63.46803424	-201.00503E-03
63.51800907	-351.75880E-03
63.5679839	-402.01005E-03
63.61795873	-201.00503E-03
63.66793356	-201.00503E-03
63.71790839	-201.00503E-03
63.76788322	-201.00503E-03
63.81785805	-201.00503E-03
63.86783288	-201.00503E-03
63.91780771	-238.69347E-03
63.96778254	-201.00503E-03
64.01775737	-201.00503E-03
64.0677322	-201.00503E-03
64.11770703	-351.75880E-03
64.16768186	-201.00503E-03
64.21765669	-201.00503E-03
64.26763152	-351.75880E-03
64.31760635	-201.00503E-03
64.36758118	-201.00503E-03
64.41755601	-201.00503E-03
64.46753084	-201.00503E-03
64.51750567	-201.00503E-03
64.5674805	-201.00503E-03
64.61745533	-201.00503E-03
64.66743016	-238.69347E-03
64.71740499	-201.00503E-03
64.76737982	-201.00503E-03
64.81735465	-351.75880E-03
64.86732948	-351.75880E-03
64.91730431	-201.00503E-03
64.96727914	-201.00503E-03
65.01725397	-238.69347E-03
65.0672288	-201.00503E-03
65.11720363	-201.00503E-03
65.16717846	-201.00503E-03
65.21715329	-201.00503E-03
65.26712812	-201.00503E-03
65.31710295	-351.75880E-03
65.36707778	-201.00503E-03
65.41705261	-201.00503E-03
65.46702744	-201.00503E-03
65.51700227	-201.00503E-03
65.5669771	-201.00503E-03
65.61695193	-238.69347E-03
65.66692676	-201.00503E-03
65.71690159	-201.00503E-03
65.76687642	-201.00503E-03
65.81685125	-201.00503E-03
65.86682608	-201.00503E-03
65.91680091	-201.00503E-03
65.96677574	-201.00503E-03
66.01675057	-238.69347E-03
66.0667254	-351.75880E-03
66.11670023	-201.00503E-03
66.16667506	-201.00503E-03
66.21664989	-201.00503E-03
66.26662472	-201.00503E-03
66.31659955	-201.00503E-03
66.36657438	-201.00503E-03
66.41654921	-201.00503E-03
66.46652404	-201.00503E-03
66.51649887	-201.00503E-03
66.5664737	-201.00503E-03
66.61644853	-201.00503E-03
66.66642336	-201.00503E-03
66.71639819	-201.00503E-03
66.76637302	-201.00503E-03
66.81634785	-201.00503E-03
66.86632268	-201.00503E-03
66.91629751	-201.00503E-03
66.96627234	-201.00503E-03
67.01624717	-238.69347E-03
67.066222	-201.00503E-03
67.11619683	-238.69347E-03
67.16617166	-201.00503E-03
67.21614649	-201.00503E-03
67.26612132	-351.75880E-03
67.31609615	-201.00503E-03
67.36607098	-201.00503E-03
67.41604581	-351.75880E-03
67.46602064	-201.00503E-03
67.51599547	-238.69347E-03
67.5659703	-201.00503E-03
67.61594513	-201.00503E-03
67.66591996	-201.00503E-03
67.71589479	-201.00503E-03
67.76586962	-201.00503E-03
67.81584445	-201.00503E-03
67.86581928	-201.00503E-03
67.91579411	-238.69347E-03
67.96576894	-201.00503E-03
68.01574377	-201.00503E-03
68.0657186	-201.00503E-03
68.11569343	-201.00503E-03
68.16566826	-201.00503E-03
68.21564309	-201.00503E-03
68.26561792	-238.69347E-03
68.31559275	-201.00503E-03
68.36556758	-201.00503E-03
68.41554241	-201.00503E-03
68.46551724	-201.00503E-03
68.51549207	-201.00503E-03
68.5654669	-201.00503E-03
68.61544173	-201.00503E-03
68.66541656	-238.69347E-03
68.71539139	-201.00503E-03
68.76536622	-201.00503E-03
68.81534105	-351.75880E-03
68.86531588	-201.00503E-03
68.91529071	-351.75880E-03
68.96526554	-201.00503E-03
69.01524037	-201.00503E-03
69.0652152	-238.69347E-03
69.11519003	-201.00503E-03
69.16516486	-238.69347E-03
69.21513969	-201.00503E-03
69.26511452	-201.00503E-03
69.31508935	-201.00503E-03
69.36506418	-238.69347E-03
69.41503901	-201.00503E-03
69.46501384	-201.00503E-03
69.51498867	-201.00503E-03
69.5649635	-201.00503E-03
69.61493833	-351.75880E-03
69.66491316	-201.00503E-03
69.71488799	-201.00503E-03
69.76486282	-201.00503E-03
69.81483765	-201.00503E-03
69.86481248	-238.69347E-03
69.91478731	-351.75880E-03
69.96476214	-201.00503E-03
70.01473697	-351.75880E-03
70.0647118	-201.00503E-03
70.11468663	-201.00503E-03
70.16466146	-201.00503E-03
70.21463629	-201.00503E-03
70.26461112	-402.01005E-03
70.31458595	-238.69347E-03
70.36456078	-201.00503E-03
70.41453561	-238.69347E-03
70.46451044	-201.00503E-03
70.51448527	-201.00503E-03
70.5644601	-201.00503E-03
70.61443493	-201.00503E-03
70.66440976	-238.69347E-03
70.71438459	-201.00503E-03
70.76435942	-201.00503E-03
70.81433425	-351.75880E-03
70.86430908	-201.00503E-03
70.91428391	-201.00503E-03
70.96425874	-201.00503E-03
71.01423357	-238.69347E-03
71.0642084	-351.75880E-03
71.11418323	-238.69347E-03
71.16415806	-201.00503E-03
71.21413289	-351.75880E-03
71.26410772	-201.00503E-03
71.31408255	-201.00503E-03
71.36405738	-201.00503E-03
71.41403221	-201.00503E-03
71.46400704	-201.00503E-03
71.51398187	-351.75880E-03
71.5639567	-201.00503E-03
71.61393153	-201.00503E-03
71.66390636	-238.69347E-03
71.71388119	-201.00503E-03
71.76385602	-201.00503E-03
71.81383085	-351.75880E-03
71.86380568	-201.00503E-03
71.91378051	-201.00503E-03
71.96375534	-201.00503E-03
72.01373017	-201.00503E-03
72.063705	-201.00503E-03
72.11367983	-201.00503E-03
72.16365466	-201.00503E-03
72.21362949	-201.00503E-03
72.26360432	-238.69347E-03
72.31357915	-201.00503E-03
72.36355398	-201.00503E-03
72.41352881	-201.00503E-03
72.46350364	-201.00503E-03
72.51347847	-351.75880E-03
72.5634533	-238.69347E-03
72.61342813	-351.75880E-03
72.66340296	-351.75880E-03
72.71337779	-201.00503E-03
72.76335262	-238.69347E-03
72.81332745	-402.01005E-03
72.86330228	-238.69347E-03
72.91327711	-201.00503E-03
72.96325194	-238.69347E-03
73.01322677	-402.01005E-03
73.0632016	-402.01005E-03
73.11317643	-402.01005E-03
73.16315126	-402.01005E-03
73.21312609	-402.01005E-03
73.26310092	-402.01005E-03
73.31307575	-402.01005E-03
73.36305058	-402.01005E-03
73.41302541	-402.01005E-03
73.46300024	-238.69347E-03
73.51297507	-351.75880E-03
73.5629499	-201.00503E-03
73.61292473	-402.01005E-03
73.66289956	-201.00503E-03
73.71287439	-201.00503E-03
73.76284922	-201.00503E-03
73.81282405	-201.00503E-03
73.86279888	-201.00503E-03
73.91277371	-201.00503E-03
73.96274854	-238.69347E-03
74.01272337	-238.69347E-03
74.0626982	-201.00503E-03
74.11267303	-201.00503E-03
74.16264786	-238.69347E-03
74.21262269	-201.00503E-03
74.26259752	-238.69347E-03
74.31257235	-201.00503E-03
74.36254718	-238.69347E-03
74.41252201	-201.00503E-03
74.46249684	-201.00503E-03
74.51247167	-351.75880E-03
74.5624465	-201.00503E-03
74.61242133	-351.75880E-03
74.66239616	-201.00503E-03
74.71237099	-201.00503E-03
74.76234582	-238.69347E-03
74.81232065	-238.69347E-03
74.86229548	-238.69347E-03
74.91227031	-201.00503E-03
74.96224514	-201.00503E-03
75.01221997	-201.00503E-03
75.0621948	-238.69347E-03
75.11216963	-351.75880E-03
75.16214446	-201.00503E-03
75.21211929	-402.01005E-03
75.26209412	-351.75880E-03
75.31206895	-238.69347E-03
75.36204378	-201.00503E-03
75.41201861	-201.00503E-03
75.46199344	-238.69347E-03
75.51196827	-201.00503E-03
75.5619431	-351.75880E-03
75.61191793	-402.01005E-03
75.66189276	-238.69347E-03
75.71186759	-351.75880E-03
75.76184242	-238.69347E-03
75.81181725	-402.01005E-03
75.86179208	-402.01005E-03
75.91176691	-351.75880E-03
75.96174174	-402.01005E-03
76.01171657	-402.01005E-03
76.0616914	-351.75880E-03
76.11166623	-402.01005E-03
76.16164106	-402.01005E-03
76.21161589	-238.69347E-03
76.26159072	-351.75880E-03
76.31156555	-351.75880E-03
76.36154038	-402.01005E-03
76.41151521	-402.01005E-03
76.46149004	-351.75880E-03
76.51146487	-402.01005E-03
76.5614397	-402.01005E-03
76.61141453	-402.01005E-03
76.66138936	-402.01005E-03
76.71136419	-402.01005E-03
76.76133902	-402.01005E-03
76.81131385	-351.75880E-03
76.86128868	-402.01005E-03
76.91126351	-552.76382E-03
76.96123834	-402.01005E-03
77.01121317	-439.69850E-03
77.061188	-402.01005E-03
77.11116283	-402.01005E-03
77.16113766	-439.69850E-03
77.21111249	-402.01005E-03
77.26108732	-402.01005E-03
77.31106215	-402.01005E-03
77.36103698	-402.01005E-03
77.41101181	-402.01005E-03
77.46098664	-402.01005E-03
77.51096147	-201.00503E-03
77.5609363	-402.01005E-03
77.61091113	-402.01005E-03
77.66088596	-351.75880E-03
77.71086079	-402.01005E-03
77.76083562	-402.01005E-03
77.81081045	-201.00503E-03
77.86078528	-402.01005E-03
77.91076011	-351.75880E-03
77.96073494	-201.00503E-03
78.01070977	-402.01005E-03
78.0606846	-351.75880E-03
78.11065943	-201.00503E-03
78.16063426	-402.01005E-03
78.21060909	-402.01005E-03
78.26058392	-402.01005E-03
78.31055875	-351.75880E-03
78.36053358	-402.01005E-03
78.41050841	-238.69347E-03
78.46048324	-238.69347E-03
78.51045807	-201.00503E-03
78.5604329	-402.01005E-03
78.61040773	-201.00503E-03
78.66038256	-402.01005E-03
78.71035739	-402.01005E-03
78.76033222	-351.75880E-03
78.81030705	-351.75880E-03
78.86028188	-402.01005E-03
78.91025671	-351.75880E-03
78.96023154	-402.01005E-03
79.01020637	-402.01005E-03
79.0601812	-402.01005E-03
79.11015603	-402.01005E-03
79.16013086	-402.01005E-03
79.21010569	-402.01005E-03
79.26008052	-351.75880E-03
79.31005535	-402.01005E-03
79.36003018	-238.69347E-03
79.41000501	-402.01005E-03
79.45997984	-351.75880E-03
79.50995467	-402.01005E-03
79.5599295	-402.01005E-03
79.60990433	-402.01005E-03
79.65987916	-402.01005E-03
79.70985399	-238.69347E-03
79.75982882	-402.01005E-03
79.80980365	-402.01005E-03
79.85977848	-402.01005E-03
79.90975331	-402.01005E-03
79.95972814	-402.01005E-03
80.00970297	-402.01005E-03
80.0596778	-402.01005E-03
80.10965263	-402.01005E-03
80.15962746	-402.01005E-03
80.20960229	-402.01005E-03
80.25957712	-402.01005E-03
80.30955195	-402.01005E-03
80.35952678	-552.76382E-03
80.40950161	-402.01005E-03
80.45947644	-402.01005E-03
80.50945127	-439.69850E-03
80.5594261	-402.01005E-03
80.60940093	-402.01005E-03
80.65937576	-603.01508E-03
80.70935059	-603.01508E-03
80.75932542	-603.01508E-03
80.80930025	-439.69850E-03
80.85927508	-552.76382E-03
80.90924991	-552.76382E-03
80.95922474	-439.69850E-03
81.00919957	-552.76382E-03
81.0591744	-402.01005E-03
81.10914923	-603.01508E-03
81.15912406	-603.01508E-03
81.20909889	-603.01508E-03
81.25907372	-603.01508E-03
81.30904855	-603.01508E-03
81.35902338	-753.76885E-03
81.40899821	-753.76885E-03
81.45897304	-804.02011E-03
81.50894787	-804.02011E-03
81.5589227	-841.70855E-03
81.60889753	-1.00502513E+00
81.65887236	-1.20603016E+00
81.70884719	-1.40703519E+00
81.75882202	-1.60804021E+00
81.80879685	-1.80904524E+00
81.85877168	-1.80904524E+00
81.90874651	-1.75879398E+00
81.95872134	-2.16080404E+00
82.00869617	-3.01507540E+00
82.058671	-3.21608043E+00
82.10864583	-3.21608043E+00
82.15862066	-3.61809048E+00
82.20859549	-3.81909551E+00
82.25857032	-3.61809048E+00
82.30854515	-3.81909551E+00
82.35851998	-4.22110556E+00
82.40849481	-4.82412064E+00
82.45846964	-5.22613069E+00
82.50844447	-5.82914577E+00
82.5584193	-6.63316588E+00
82.60839413	-7.23618096E+00
82.65836896	-7.83919604E+00
82.70834379	-8.84422117E+00
82.75831862	-9.84924631E+00
82.80829345	-11.05527647E+00
82.85826828	-11.65829155E+00
82.90824311	-12.41206040E+00
82.95821794	-12.90201015E+00
83.00819277	-13.46733679E+00
83.0581676	-13.50502523E+00
83.10814243	-13.26633176E+00
83.15811726	-12.81407045E+00
83.20809209	-12.21105537E+00
83.25806692	-11.45728652E+00
83.30804175	-10.65326642E+00
83.35801658	-9.88693475E+00
83.40799141	-9.24623123E+00
83.45796624	-8.47989956E+00
83.50794107	-7.83919604E+00
83.5579159	-7.43718599E+00
83.60789073	-7.03517593E+00
83.65786556	-6.83417091E+00
83.70784039	-7.03517593E+00
83.75781522	-8.64321615E+00
83.80779005	-8.44221112E+00
83.85776488	-5.62814075E+00
83.90773971	-6.43216085E+00
83.95771454	-3.61809048E+00
84.00768937	-3.25376887E+00
84.0576642	-2.21105529E+00
84.10763903	-1.40703519E+00
84.15761386	-2.36180906E+00
84.20758869	-2.76381912E+00
84.25756352	-1.80904524E+00
84.30753835	-1.35678393E+00
84.35751318	-1.20603016E+00
84.40748801	-1.00502513E+00
84.45746284	-804.02011E-03
84.50743767	-804.02011E-03
84.5574125	-753.76885E-03
84.60738733	-603.01508E-03
84.65736216	-603.01508E-03
84.70733699	-603.01508E-03
84.75731182	-402.01005E-03
84.80728665	-402.01005E-03
84.85726148	-402.01005E-03
84.90723631	-351.75880E-03
84.95721114	-402.01005E-03
85.00718597	-402.01005E-03
85.0571608	-238.69347E-03
85.10713563	-201.00503E-03
85.15711046	-402.01005E-03
85.20708529	-201.00503E-03
85.25706012	-351.75880E-03
85.30703495	-238.69347E-03
85.35700978	-238.69347E-03
85.40698461	-402.01005E-03
85.45695944	-201.00503E-03
85.50693427	-201.00503E-03
85.5569091	-238.69347E-03
85.60688393	-351.75880E-03
85.65685876	-201.00503E-03
85.70683359	-402.01005E-03
85.75680842	-201.00503E-03
85.80678325	-238.69347E-03
85.85675808	-201.00503E-03
85.90673291	-201.00503E-03
85.95670774	-402.01005E-03
86.00668257	-201.00503E-03
86.0566574	-201.00503E-03
86.10663223	-238.69347E-03
86.15660706	-201.00503E-03
86.20658189	-201.00503E-03
86.25655672	-351.75880E-03
86.30653155	-402.01005E-03
86.35650638	-238.69347E-03
86.40648121	-201.00503E-03
86.45645604	-351.75880E-03
86.50643087	-238.69347E-03
86.5564057	-238.69347E-03
86.60638053	-238.69347E-03
86.65635536	-201.00503E-03
86.70633019	-238.69347E-03
86.75630502	-201.00503E-03
86.80627985	-201.00503E-03
86.85625468	-201.00503E-03
86.90622951	-201.00503E-03
86.95620434	-201.00503E-03
87.00617917	-201.00503E-03
87.056154	-201.00503E-03
87.10612883	-201.00503E-03
87.15610366	-201.00503E-03
87.20607849	-201.00503E-03
87.25605332	-201.00503E-03
87.30602815	-351.75880E-03
87.35600298	-402.01005E-03
87.40597781	-351.75880E-03
87.45595264	-201.00503E-03
87.50592747	-201.00503E-03
87.5559023	-201.00503E-03
87.60587713	-238.69347E-03
87.65585196	-201.00503E-03
87.70582679	-201.00503E-03
87.75580162	-402.01005E-03
87.80577645	-201.00503E-03
87.85575128	-201.00503E-03
87.90572611	-351.75880E-03
87.95570094	-201.00503E-03
88.00567577	-201.00503E-03
88.0556506	-201.00503E-03
88.10562543	-402.01005E-03
88.15560026	-201.00503E-03
88.20557509	-201.00503E-03
88.25554992	-238.69347E-03
88.30552475	-201.00503E-03
88.35549958	-201.00503E-03
88.40547441	-238.69347E-03
88.45544924	-201.00503E-03
88.50542407	-351.75880E-03
88.5553989	-201.00503E-03
88.60537373	-201.00503E-03
88.65534856	-201.00503E-03
88.70532339	-201.00503E-03
88.75529822	-201.00503E-03
88.80527305	-201.00503E-03
88.85524788	-201.00503E-03
88.90522271	-351.75880E-03
88.95519754	-351.75880E-03
89.00517237	-201.00503E-03
89.0551472	-201.00503E-03
89.10512203	-201.00503E-03
89.15509686	-351.75880E-03
89.20507169	-351.75880E-03
89.25504652	-201.00503E-03
89.30502135	-201.00503E-03
89.35499618	-238.69347E-03
89.40497101	-201.00503E-03
89.45494584	-201.00503E-03
89.50492067	-201.00503E-03
89.5548955	-201.00503E-03
89.60487033	-351.75880E-03
89.65484516	-201.00503E-03
89.70481999	-201.00503E-03
89.75479482	-201.00503E-03
89.80476965	-201.00503E-03
89.85474448	-201.00503E-03
89.90471931	-402.01005E-03
89.95469414	-201.00503E-03
90.00466897	-201.00503E-03
90.0546438	-351.75880E-03
90.10461863	-201.00503E-03
90.15459346	-201.00503E-03
90.20456829	-201.00503E-03
90.25454312	-201.00503E-03
90.30451795	-201.00503E-03
90.35449278	-238.69347E-03
90.40446761	-238.69347E-03
90.45444244	-201.00503E-03
90.50441727	-201.00503E-03
90.5543921	-201.00503E-03
90.60436693	-402.01005E-03
90.65434176	-201.00503E-03
90.70431659	-201.00503E-03
90.75429142	-201.00503E-03
90.80426625	-201.00503E-03
90.85424108	-201.00503E-03
90.90421591	-238.69347E-03
90.95419074	-201.00503E-03
91.00416557	-201.00503E-03
91.0541404	-201.00503E-03
91.10411523	-201.00503E-03
91.15409006	-201.00503E-03
91.20406489	-201.00503E-03
91.25403972	-201.00503E-03
91.30401455	-201.00503E-03
91.35398938	-201.00503E-03
91.40396421	-351.75880E-03
91.45393904	-201.00503E-03
91.50391387	-201.00503E-03
91.5538887	-201.00503E-03
91.60386353	-201.00503E-03
91.65383836	-201.00503E-03
91.70381319	-201.00503E-03
91.75378802	-201.00503E-03
91.80376285	-201.00503E-03
91.85373768	-201.00503E-03
91.90371251	-201.00503E-03
91.95368734	-201.00503E-03
92.00366217	-201.00503E-03
92.053637	-201.00503E-03
92.10361183	-201.00503E-03
92.15358666	-351.75880E-03
92.20356149	-351.75880E-03
92.25353632	-201.00503E-03
92.30351115	-201.00503E-03
92.35348598	-201.00503E-03
92.40346081	-201.00503E-03
92.45343564	-201.00503E-03
92.50341047	-201.00503E-03
92.5533853	-201.00503E-03
92.60336013	-201.00503E-03
92.65333496	-238.69347E-03
92.70330979	-238.69347E-03
92.75328462	-201.00503E-03
92.80325945	-351.75880E-03
92.85323428	-201.00503E-03
92.90320911	-201.00503E-03
92.95318394	-201.00503E-03
93.00315877	-201.00503E-03
93.0531336	-201.00503E-03
93.10310843	-201.00503E-03
93.15308326	-201.00503E-03
93.20305809	-201.00503E-03
93.25303292	-201.00503E-03
93.30300775	-201.00503E-03
93.35298258	-201.00503E-03
93.40295741	-201.00503E-03
93.45293224	-201.00503E-03
93.50290707	-351.75880E-03
93.5528819	-402.01005E-03
93.60285673	-201.00503E-03
93.65283156	-201.00503E-03
93.70280639	-201.00503E-03
93.75278122	-201.00503E-03
93.80275605	-238.69347E-03
93.85273088	-201.00503E-03
93.90270571	-238.69347E-03
93.95268054	-201.00503E-03
94.00265537	-201.00503E-03
94.0526302	-238.69347E-03
94.10260503	-201.00503E-03
94.15257986	-238.69347E-03
94.20255469	-238.69347E-03
94.25252952	-201.00503E-03
94.30250435	-201.00503E-03
94.35247918	-201.00503E-03
94.40245401	-351.75880E-03
94.45242884	-201.00503E-03
94.50240367	-201.00503E-03
94.5523785	-201.00503E-03
94.60235333	-201.00503E-03
94.65232816	-201.00503E-03
94.70230299	-201.00503E-03
94.75227782	-201.00503E-03
94.80225265	-351.75880E-03
94.85222748	-201.00503E-03
94.90220231	-201.00503E-03
94.95217714	-201.00503E-03
95.00215197	-201.00503E-03
95.0521268	-351.75880E-03
95.10210163	-201.00503E-03
95.15207646	-351.75880E-03
95.20205129	-201.00503E-03
95.25202612	-201.00503E-03
95.30200095	-201.00503E-03
95.35197578	-201.00503E-03
95.40195061	-201.00503E-03
95.45192544	-201.00503E-03
95.50190027	-201.00503E-03
95.5518751	-201.00503E-03
95.60184993	-201.00503E-03
95.65182476	-351.75880E-03
95.70179959	-201.00503E-03
95.75177442	-351.75880E-03
95.80174925	-351.75880E-03
95.85172408	-238.69347E-03
95.90169891	-238.69347E-03
95.95167374	-402.01005E-03
96.00164857	-238.69347E-03
96.0516234	-201.00503E-03
96.10159823	-201.00503E-03
96.15157306	-201.00503E-03
96.20154789	-238.69347E-03
96.25152272	-201.00503E-03
96.30149755	-238.69347E-03
96.35147238	-351.75880E-03
96.40144721	-402.01005E-03
96.45142204	-201.00503E-03
96.50139687	-238.69347E-03
96.5513717	-201.00503E-03
96.60134653	-351.75880E-03
96.65132136	-201.00503E-03
96.70129619	-238.69347E-03
96.75127102	-201.00503E-03
96.80124585	-201.00503E-03
96.85122068	-201.00503E-03
96.90119551	-201.00503E-03
96.95117034	-201.00503E-03
97.00114517	-201.00503E-03
97.05112	-238.69347E-03
97.10109483	-201.00503E-03
97.15106966	-201.00503E-03
97.20104449	-351.75880E-03
97.25101932	-351.75880E-03
97.30099415	-201.00503E-03
97.35096898	-201.00503E-03
97.40094381	-201.00503E-03
97.45091864	-238.69347E-03
97.50089347	-238.69347E-03
97.5508683	-201.00503E-03
97.60084313	-351.75880E-03
97.65081796	-201.00503E-03
97.70079279	-201.00503E-03
97.75076762	-201.00503E-03
97.80074245	-201.00503E-03
97.85071728	-201.00503E-03
97.90069211	-402.01005E-03
97.95066694	-201.00503E-03
98.00064177	-201.00503E-03
98.0506166	-201.00503E-03
98.10059143	-201.00503E-03
98.15056626	-201.00503E-03
98.20054109	-201.00503E-03
98.25051592	-201.00503E-03
98.30049075	-201.00503E-03
98.35046558	-201.00503E-03
98.40044041	-201.00503E-03
98.45041524	-351.75880E-03
98.50039007	-201.00503E-03
98.5503649	-351.75880E-03
98.60033973	-201.00503E-03
98.65031456	-201.00503E-03
98.70028939	-238.69347E-03
98.75026422	-201.00503E-03
98.80023905	-201.00503E-03
98.85021388	-201.00503E-03
98.90018871	-201.00503E-03
98.95016354	-351.75880E-03
99.00013837	-238.69347E-03
99.0501132	-201.00503E-03
99.10008803	-201.00503E-03
99.15006286	-351.75880E-03
99.20003769	-201.00503E-03
99.25001252	-201.00503E-03
99.29998735	-201.00503E-03
99.34996218	-351.75880E-03
99.39993701	-201.00503E-03
99.44991184	-351.75880E-03
99.49988667	-351.75880E-03
99.5498615	-238.69347E-03
99.59983633	-201.00503E-03
99.64981116	-201.00503E-03
99.69978599	-201.00503E-03
99.74976082	-201.00503E-03
99.79973565	-201.00503E-03
99.84971048	-238.69347E-03
