00000000	-136.804E-03
0.002496	-36.301E-03
0.004992	-51.377E-03
0.007488	-71.477E-03
0.009984	-56.402E-03
0.012480	-71.477E-03
0.014976	+3.900E-03
0.017472	-71.477E-03
0.019968	-56.402E-03
0.022464	-76.502E-03
0.024960	+44.101E-03
0.027456	-71.477E-03
0.029952	+3.900E-03
0.032448	+3.900E-03
0.034944	-16.201E-03
0.037440	+3.900E-03
0.039936	-36.301E-03
0.042432	+3.900E-03
0.044928	+3.900E-03
0.047424	+3.900E-03
0.049920	-76.502E-03
0.052416	-36.301E-03
0.054912	+64.201E-03
0.057408	-71.477E-03
0.059904	-76.502E-03
0.062400	+3.900E-03
0.064896	-51.377E-03
0.067392	+3.900E-03
0.069888	-56.402E-03
0.072384	-36.301E-03
0.074880	+3.900E-03
0.077376	+84.302E-03
0.079872	-76.502E-03
0.082368	-31.276E-03
0.084864	-51.377E-03
0.087360	+84.302E-03
0.089856	-11.176E-03
0.092352	-76.502E-03
0.094848	+3.900E-03
0.097344	-76.502E-03
0.099840	-11.176E-03
0.102336	-76.502E-03
0.104832	-51.377E-03
0.107328	+84.302E-03
0.109824	-56.402E-03
0.112320	-31.276E-03
0.114816	-51.377E-03
0.117312	+8.925E-03
0.119808	+24.000E-03
0.122304	-36.301E-03
0.124800	-76.502E-03
0.127296	+3.900E-03
0.129792	-56.402E-03
0.132288	+44.101E-03
0.134784	-16.201E-03
0.137280	-76.502E-03
0.139776	+49.126E-03
0.142272	-76.502E-03
0.144768	-111.678E-03
0.147264	-76.502E-03
0.149760	+24.000E-03
0.152256	-36.301E-03
0.154752	-76.502E-03
0.157248	+3.900E-03
0.159744	-11.176E-03
0.162240	-31.276E-03
0.164736	-51.377E-03
0.167232	+3.900E-03
0.169728	-56.402E-03
0.172224	-156.904E-03
0.174720	-16.201E-03
0.177216	+3.900E-03
0.179712	-76.502E-03
0.182208	+8.925E-03
0.184704	-51.377E-03
0.187200	-71.477E-03
0.189696	-11.176E-03
0.192192	+44.101E-03
0.194688	-16.201E-03
0.197184	+3.900E-03
0.199680	-56.402E-03
0.202176	-31.276E-03
0.204672	+3.900E-03
0.207168	+3.900E-03
0.209664	-11.176E-03
0.212160	-76.502E-03
0.214656	+29.025E-03
0.217152	-76.502E-03
0.219648	-76.502E-03
0.222144	-31.276E-03
0.224640	-16.201E-03
0.227136	+84.302E-03
0.229632	-11.176E-03
0.232128	+3.900E-03
0.234624	-76.502E-03
0.237120	-71.477E-03
0.239616	-11.176E-03
0.242112	-31.276E-03
0.244608	-51.377E-03
0.247104	+3.900E-03
0.249600	-11.176E-03
0.252096	-76.502E-03
0.254592	+3.900E-03
0.257088	-76.502E-03
0.259584	-11.176E-03
0.262080	+3.900E-03
0.264576	-76.502E-03
0.267072	-71.477E-03
0.269568	-136.804E-03
0.272064	-31.276E-03
0.274560	-76.502E-03
0.277056	+3.900E-03
0.279552	-156.904E-03
0.282048	-31.276E-03
0.284544	-51.377E-03
0.287040	+3.900E-03
0.289536	+49.126E-03
0.292032	-116.703E-03
0.294528	-76.502E-03
0.297024	+3.900E-03
0.299520	+3.900E-03
0.302016	-76.502E-03
0.304512	+64.201E-03
0.307008	-71.477E-03
0.309504	-36.301E-03
0.312000	-36.301E-03
0.314496	-16.201E-03
0.316992	-151.879E-03
0.319488	+3.900E-03
0.321984	-116.703E-03
0.324480	-16.201E-03
0.326976	-156.904E-03
0.329472	+3.900E-03
0.331968	-71.477E-03
0.334464	+3.900E-03
0.336960	+3.900E-03
0.339456	-56.402E-03
0.341952	-36.301E-03
0.344448	+109.427E-03
0.346944	+84.302E-03
0.349440	-76.502E-03
0.351936	+44.101E-03
0.354432	+3.900E-03
0.356928	+3.900E-03
0.359424	-56.402E-03
0.361920	+3.900E-03
0.364416	+29.025E-03
0.366912	-71.477E-03
0.369408	-136.804E-03
0.371904	-76.502E-03
0.374400	-51.377E-03
0.376896	-76.502E-03
0.379392	-136.804E-03
0.381888	-36.301E-03
0.384384	+3.900E-03
0.386880	-76.502E-03
0.389376	-136.804E-03
0.391872	-36.301E-03
0.394368	-51.377E-03
0.396864	-76.502E-03
0.399360	-136.804E-03
0.401856	-36.301E-03
0.404352	-51.377E-03
0.406848	-76.502E-03
0.409344	-56.402E-03
0.411840	+84.302E-03
0.414336	+44.101E-03
0.416832	+3.900E-03
0.419328	-11.176E-03
0.421824	-36.301E-03
0.424320	-16.201E-03
0.426816	+3.900E-03
0.429312	-91.578E-03
0.431808	+44.101E-03
0.434304	-51.377E-03
0.436800	+3.900E-03
0.439296	-11.176E-03
0.441792	+3.900E-03
0.444288	+3.900E-03
0.446784	-71.477E-03
0.449280	-56.402E-03
0.451776	-36.301E-03
0.454272	-31.276E-03
0.456768	+3.900E-03
0.459264	-11.176E-03
0.461760	-36.301E-03
0.464256	-96.603E-03
0.466752	+3.900E-03
0.469248	-156.904E-03
0.471744	-31.276E-03
0.474240	-16.201E-03
0.476736	-71.477E-03
0.479232	-76.502E-03
0.481728	-31.276E-03
0.484224	-76.502E-03
0.486720	+3.900E-03
0.489216	-76.502E-03
0.491712	+3.900E-03
0.494208	-16.201E-03
0.496704	-76.502E-03
0.499200	-156.904E-03
0.501696	-674.492E-03
0.504192	-774.995E-03
0.506688	-719.718E-03
0.509184	-91.578E-03
0.511680	-76.502E-03
0.514176	-16.201E-03
0.516672	+3.900E-03
0.519168	-136.804E-03
0.521664	-36.301E-03
0.524160	+3.900E-03
0.526656	+3.900E-03
0.529152	-76.502E-03
0.531648	-36.301E-03
0.534144	-31.276E-03
0.536640	-151.879E-03
0.539136	-11.176E-03
0.541632	-76.502E-03
0.544128	-51.377E-03
0.546624	+3.900E-03
0.549120	-31.276E-03
0.551616	-31.276E-03
0.554112	+3.900E-03
0.556608	-71.477E-03
0.559104	-56.402E-03
0.561600	-76.502E-03
0.564096	-76.502E-03
0.566592	+3.900E-03
0.569088	+3.900E-03
0.571584	+3.900E-03
0.574080	-51.377E-03
0.576576	-151.879E-03
0.579072	-11.176E-03
0.581568	-31.276E-03
0.584064	-111.678E-03
0.586560	-71.477E-03
0.589056	-56.402E-03
0.591552	-76.502E-03
0.594048	-51.377E-03
0.596544	-76.502E-03
0.599040	-56.402E-03
0.601536	+3.900E-03
0.604032	+29.025E-03
0.606528	+3.900E-03
0.609024	-76.502E-03
0.611520	-31.276E-03
0.614016	+64.201E-03
0.616512	-76.502E-03
0.619008	+3.900E-03
0.621504	+49.126E-03
0.624000	-156.904E-03
0.626496	-71.477E-03
0.628992	-76.502E-03
0.631488	-76.502E-03
0.633984	-51.377E-03
0.636480	+3.900E-03
0.638976	-116.703E-03
0.641472	+3.900E-03
0.643968	-16.201E-03
0.646464	+3.900E-03
0.648960	+3.900E-03
0.651456	-31.276E-03
0.653952	+3.900E-03
0.656448	-76.502E-03
0.658944	-56.402E-03
0.661440	-36.301E-03
0.663936	-156.904E-03
0.666432	+3.900E-03
0.668928	+49.126E-03
0.671424	+3.900E-03
0.673920	-76.502E-03
0.676416	+3.900E-03
0.678912	+3.900E-03
0.681408	-76.502E-03
0.683904	-96.603E-03
0.686400	+3.900E-03
0.688896	+24.000E-03
0.691392	-76.502E-03
0.693888	-76.502E-03
0.696384	-76.502E-03
0.698880	+3.900E-03
0.701376	-116.703E-03
0.703872	-76.502E-03
0.706368	+3.900E-03
0.708864	-76.502E-03
0.711360	+3.900E-03
0.713856	-16.201E-03
0.716352	+3.900E-03
0.718848	-56.402E-03
0.721344	-76.502E-03
0.723840	-51.377E-03
0.726336	+3.900E-03
0.728832	-76.502E-03
0.731328	-76.502E-03
0.733824	-31.276E-03
0.736320	+3.900E-03
0.738816	+49.126E-03
0.741312	+44.101E-03
0.743808	-31.276E-03
0.746304	+8.925E-03
0.748800	-76.502E-03
0.751296	-76.502E-03
0.753792	+44.101E-03
0.756288	-71.477E-03
0.758784	-56.402E-03
0.761280	+49.126E-03
0.763776	-16.201E-03
0.766272	+84.302E-03
0.768768	-11.176E-03
0.771264	-36.301E-03
0.773760	-51.377E-03
0.776256	-76.502E-03
0.778752	+3.900E-03
0.781248	-116.703E-03
0.783744	+3.900E-03
0.786240	-71.477E-03
0.788736	-76.502E-03
0.791232	+3.900E-03
0.793728	-51.377E-03
0.796224	-71.477E-03
0.798720	-11.176E-03
0.801216	-31.276E-03
0.803712	+64.201E-03
0.806208	+968.724E-03
0.808704	+4.486312E+00
0.811200	+3.900E-03
0.813696	-111.678E-03
0.816192	-71.477E-03
0.818688	-76.502E-03
0.821184	-31.276E-03
0.823680	-111.678E-03
0.826176	-71.477E-03
0.828672	-76.502E-03
0.831168	-76.502E-03
0.833664	+3.900E-03
0.836160	-76.502E-03
0.838656	-11.176E-03
0.841152	-76.502E-03
0.843648	-111.678E-03
0.846144	-76.502E-03
0.848640	-76.502E-03
0.851136	+3.900E-03
0.853632	-76.502E-03
0.856128	-71.477E-03
0.858624	+3.900E-03
0.861120	-36.301E-03
0.863616	-177.005E-03
0.866112	+3.900E-03
0.868608	+3.900E-03
0.871104	+3.900E-03
0.873600	-76.502E-03
0.876096	+3.900E-03
0.878592	-136.804E-03
0.881088	-31.276E-03
0.883584	-76.502E-03
0.886080	-76.502E-03
0.888576	-76.502E-03
0.891072	-76.502E-03
0.893568	+3.900E-03
0.896064	+3.900E-03
0.898560	-56.402E-03
0.901056	-76.502E-03
0.903552	+29.025E-03
0.906048	+3.900E-03
0.908544	-11.176E-03
0.911040	-76.502E-03
0.913536	-51.377E-03
0.916032	-71.477E-03
0.918528	+3.900E-03
0.921024	+3.900E-03
0.923520	-51.377E-03
0.926016	+3.900E-03
0.928512	-56.402E-03
0.931008	-31.276E-03
0.933504	-76.502E-03
0.936000	+3.900E-03
0.938496	-11.176E-03
0.940992	+3.900E-03
0.943488	+29.025E-03
0.945984	-76.502E-03
0.948480	-11.176E-03
0.950976	-36.301E-03
0.953472	-51.377E-03
0.955968	-71.477E-03
0.958464	-11.176E-03
0.960960	-111.678E-03
0.963456	-76.502E-03
0.965952	+84.302E-03
0.968448	+84.302E-03
0.970944	+3.900E-03
0.973440	+64.201E-03
0.975936	-71.477E-03
0.978432	-36.301E-03
0.980928	-31.276E-03
0.983424	-36.301E-03
0.985920	+3.900E-03
0.988416	-76.502E-03
0.990912	+44.101E-03
0.993408	+3.900E-03
0.995904	+3.900E-03
0.998400	-11.176E-03
1.000896	-76.502E-03
1.003392	-76.502E-03
1.005888	-151.879E-03
1.008384	-91.578E-03
1.010880	-111.678E-03
1.013376	-96.603E-03
1.015872	-151.879E-03
1.018368	-76.502E-03
1.020864	-36.301E-03
1.023360	+3.900E-03
1.025856	+3.900E-03
1.028352	+24.000E-03
1.030848	-31.276E-03
1.033344	-51.377E-03
1.035840	+3.900E-03
1.038336	-11.176E-03
1.040832	-31.276E-03
1.043328	-51.377E-03
1.045824	-71.477E-03
1.048320	-56.402E-03
1.050816	-76.502E-03
1.053312	-36.301E-03
1.055808	-71.477E-03
1.058304	-76.502E-03
1.060800	-31.276E-03
1.063296	-76.502E-03
1.065792	+3.900E-03
1.068288	-76.502E-03
1.070784	-76.502E-03
1.073280	-16.201E-03
1.075776	+84.302E-03
1.078272	-11.176E-03
1.080768	-36.301E-03
1.083264	-76.502E-03
1.085760	+3.900E-03
1.088256	-91.578E-03
1.090752	-31.276E-03
1.093248	-16.201E-03
1.095744	-76.502E-03
1.098240	-56.402E-03
1.100736	-76.502E-03
1.103232	-16.201E-03
1.105728	-156.904E-03
1.108224	-136.804E-03
1.110720	-71.477E-03
1.113216	-16.201E-03
1.115712	+3.900E-03
1.118208	-76.502E-03
1.120704	+3.900E-03
1.123200	-51.377E-03
1.125696	+3.900E-03
1.128192	-11.176E-03
1.130688	-36.301E-03
1.133184	-51.377E-03
1.135680	+3.900E-03
1.138176	-56.402E-03
1.140672	-31.276E-03
1.143168	-51.377E-03
1.145664	-76.502E-03
1.148160	+24.000E-03
1.150656	+49.126E-03
1.153152	-16.201E-03
1.155648	-76.502E-03
1.158144	-76.502E-03
1.160640	-111.678E-03
1.163136	-76.502E-03
1.165632	-76.502E-03
1.168128	-91.578E-03
1.170624	-36.301E-03
1.173120	-76.502E-03
1.175616	+3.900E-03
1.178112	-76.502E-03
1.180608	-76.502E-03
1.183104	-76.502E-03
1.185600	-76.502E-03
1.188096	-56.402E-03
1.190592	-36.301E-03
1.193088	-76.502E-03
1.195584	+84.302E-03
1.198080	-11.176E-03
1.200576	-111.678E-03
1.203072	-31.276E-03
1.205568	+3.900E-03
1.208064	-136.804E-03
1.210560	+3.900E-03
1.213056	-51.377E-03
1.215552	+3.900E-03
1.218048	+49.126E-03
1.220544	-76.502E-03
1.223040	-16.201E-03
1.225536	-71.477E-03
1.228032	-36.301E-03
1.230528	+3.900E-03
1.233024	+3.900E-03
1.235520	-71.477E-03
1.238016	-11.176E-03
1.240512	-31.276E-03
1.243008	-111.678E-03
1.245504	+3.900E-03
1.248000	-56.402E-03
1.250496	-76.502E-03
1.252992	-96.603E-03
1.255488	-71.477E-03
1.257984	-136.804E-03
1.260480	+44.101E-03
1.262976	+3.900E-03
1.265472	+3.900E-03
1.267968	-56.402E-03
1.270464	-116.703E-03
1.272960	-51.377E-03
1.275456	-76.502E-03
1.277952	-91.578E-03
1.280448	+49.126E-03
1.282944	-76.502E-03
1.285440	+84.302E-03
1.287936	-96.603E-03
1.290432	-36.301E-03
1.292928	+29.025E-03
1.295424	-151.879E-03
1.297920	-76.502E-03
1.300416	-76.502E-03
1.302912	-36.301E-03
1.305408	+3.900E-03
1.307904	-56.402E-03
1.310400	-36.301E-03
1.312896	+3.900E-03
1.315392	+3.900E-03
1.317888	+3.900E-03
1.320384	+49.126E-03
1.322880	-36.301E-03
1.325376	+3.900E-03
1.327872	-56.402E-03
1.330368	-71.477E-03
1.332864	+3.900E-03
1.335360	-76.502E-03
1.337856	-136.804E-03
1.340352	-31.276E-03
1.342848	+3.900E-03
1.345344	-76.502E-03
1.347840	+3.900E-03
1.350336	-36.301E-03
1.352832	-111.678E-03
1.355328	-151.879E-03
1.357824	-76.502E-03
1.360320	-36.301E-03
1.362816	-16.201E-03
1.365312	+84.302E-03
1.367808	-11.176E-03
1.370304	-76.502E-03
1.372800	-16.201E-03
1.375296	-71.477E-03
1.377792	-31.276E-03
1.380288	-36.301E-03
1.382784	+3.900E-03
1.385280	-71.477E-03
1.387776	-11.176E-03
1.390272	-31.276E-03
1.392768	-51.377E-03
1.395264	+3.900E-03
1.397760	+3.900E-03
1.400256	-76.502E-03
1.402752	+84.302E-03
1.405248	-76.502E-03
1.407744	-136.804E-03
1.410240	-31.276E-03
1.412736	+3.900E-03
1.415232	-76.502E-03
1.417728	-76.502E-03
1.420224	-36.301E-03
1.422720	-76.502E-03
1.425216	-151.879E-03
1.427712	+3.900E-03
1.430208	-116.703E-03
1.432704	-16.201E-03
1.435200	+3.900E-03
1.437696	-76.502E-03
1.440192	+3.900E-03
1.442688	-51.377E-03
1.445184	+8.925E-03
1.447680	-76.502E-03
1.450176	+3.900E-03
1.452672	-16.201E-03
1.455168	+8.925E-03
1.457664	+29.025E-03
1.460160	-36.301E-03
1.462656	-96.603E-03
1.465152	+3.900E-03
1.467648	-116.703E-03
1.470144	-36.301E-03
1.472640	-76.502E-03
1.475136	-151.879E-03
1.477632	-11.176E-03
1.480128	-76.502E-03
1.482624	-76.502E-03
1.485120	-76.502E-03
1.487616	-56.402E-03
1.490112	+3.900E-03
1.492608	-76.502E-03
1.495104	-71.477E-03
1.497600	-76.502E-03
1.500096	-36.301E-03
1.502592	-96.603E-03
1.505088	-76.502E-03
1.507584	+24.000E-03
1.510080	-76.502E-03
1.512576	-96.603E-03
1.515072	-76.502E-03
1.517568	-11.176E-03
1.520064	+8.925E-03
1.522560	-51.377E-03
1.525056	+3.900E-03
1.527552	-56.402E-03
1.530048	-31.276E-03
1.532544	-51.377E-03
1.535040	+3.900E-03
1.537536	-91.578E-03
1.540032	-36.301E-03
1.542528	-76.502E-03
1.545024	-71.477E-03
1.547520	-56.402E-03
1.550016	+3.900E-03
1.552512	+84.302E-03
1.555008	+3.900E-03
1.557504	+149.628E-03
1.560000	-31.276E-03
1.562496	-76.502E-03
1.564992	-151.879E-03
1.567488	-76.502E-03
1.569984	-76.502E-03
1.572480	-76.502E-03
1.574976	-76.502E-03
1.577472	+3.900E-03
1.579968	-111.678E-03
1.582464	+64.201E-03
1.584960	+84.302E-03
1.587456	-116.703E-03
1.589952	-76.502E-03
1.592448	-51.377E-03
1.594944	-71.477E-03
1.597440	-11.176E-03
1.599936	-31.276E-03
1.602432	-51.377E-03
1.604928	+3.900E-03
1.607424	-36.301E-03
1.609920	-76.502E-03
1.612416	+3.900E-03
1.614912	-71.477E-03
1.617408	-76.502E-03
1.619904	-76.502E-03
1.622400	-51.377E-03
1.624896	-76.502E-03
1.627392	-56.402E-03
1.629888	-31.276E-03
1.632384	+64.201E-03
1.634880	+3.900E-03
1.637376	+3.900E-03
1.639872	-76.502E-03
1.642368	-76.502E-03
1.644864	+3.900E-03
1.647360	-116.703E-03
1.649856	+3.900E-03
1.652352	-51.377E-03
1.654848	+3.900E-03
1.657344	-116.703E-03
1.659840	+44.101E-03
1.662336	-76.502E-03
1.664832	+84.302E-03
1.667328	-31.276E-03
1.669824	-31.276E-03
1.672320	-51.377E-03
1.674816	+3.900E-03
1.677312	+3.900E-03
1.679808	-31.276E-03
1.682304	-31.276E-03
1.684800	+3.900E-03
1.687296	-11.176E-03
1.689792	-31.276E-03
1.692288	+44.101E-03
1.694784	-76.502E-03
1.697280	-11.176E-03
1.699776	-76.502E-03
1.702272	-76.502E-03
1.704768	+3.900E-03
1.707264	-31.276E-03
1.709760	-36.301E-03
1.712256	-76.502E-03
1.714752	-76.502E-03
1.717248	-11.176E-03
1.719744	-36.301E-03
1.722240	+3.900E-03
1.724736	-76.502E-03
1.727232	-56.402E-03
1.729728	-36.301E-03
1.732224	-36.301E-03
1.734720	-71.477E-03
1.737216	+3.900E-03
1.739712	-76.502E-03
1.742208	-76.502E-03
1.744704	-71.477E-03
1.747200	-136.804E-03
1.749696	-76.502E-03
1.752192	-131.779E-03
1.754688	+3.900E-03
1.757184	-76.502E-03
1.759680	-111.678E-03
1.762176	-76.502E-03
1.764672	-473.487E-03
1.767168	-734.794E-03
1.769664	-754.894E-03
1.772160	-754.894E-03
1.774656	-76.502E-03
1.777152	-76.502E-03
1.779648	+3.900E-03
1.782144	+3.900E-03
1.784640	-71.477E-03
1.787136	+3.900E-03
1.789632	-76.502E-03
1.792128	-51.377E-03
1.794624	-71.477E-03
1.797120	-36.301E-03
1.799616	+44.101E-03
1.802112	-16.201E-03
1.804608	+3.900E-03
1.807104	-76.502E-03
1.809600	-111.678E-03
1.812096	-156.904E-03
1.814592	-76.502E-03
1.817088	-11.176E-03
1.819584	+3.900E-03
1.822080	-51.377E-03
1.824576	-71.477E-03
1.827072	-91.578E-03
1.829568	-36.301E-03
1.832064	-16.201E-03
1.834560	-151.879E-03
1.837056	-11.176E-03
1.839552	-36.301E-03
1.842048	-76.502E-03
1.844544	+3.900E-03
1.847040	-56.402E-03
1.849536	-31.276E-03
1.852032	-16.201E-03
1.854528	+3.900E-03
1.857024	-76.502E-03
1.859520	+3.900E-03
1.862016	-51.377E-03
1.864512	-76.502E-03
1.867008	-76.502E-03
1.869504	-31.276E-03
1.872000	-51.377E-03
1.874496	-71.477E-03
1.876992	-11.176E-03
1.879488	-36.301E-03
1.881984	+3.900E-03
1.884480	+8.925E-03
1.886976	-11.176E-03
1.889472	-76.502E-03
1.891968	-51.377E-03
1.894464	-71.477E-03
1.896960	-91.578E-03
1.899456	-36.301E-03
1.901952	+3.900E-03
1.904448	-76.502E-03
1.906944	-76.502E-03
1.909440	-31.276E-03
1.911936	-76.502E-03
1.914432	-76.502E-03
1.916928	-136.804E-03
1.919424	+8.925E-03
1.921920	-51.377E-03
1.924416	+3.900E-03
1.926912	-91.578E-03
1.929408	+8.925E-03
1.931904	-131.779E-03
1.934400	+3.900E-03
1.936896	-11.176E-03
1.939392	-76.502E-03
1.941888	-36.301E-03
1.944384	-151.879E-03
1.946880	-76.502E-03
1.949376	-76.502E-03
1.951872	+3.900E-03
1.954368	-71.477E-03
1.956864	+3.900E-03
1.959360	-31.276E-03
1.961856	-96.603E-03
1.964352	+8.925E-03
1.966848	-136.804E-03
1.969344	-111.678E-03
1.971840	+44.101E-03
1.974336	-76.502E-03
1.976832	+3.900E-03
1.979328	-76.502E-03
1.981824	-16.201E-03
1.984320	+3.900E-03
1.986816	-11.176E-03
1.989312	-36.301E-03
1.991808	-76.502E-03
1.994304	+3.900E-03
1.996800	-56.402E-03
1.999296	+3.900E-03
2.001792	+3.900E-03
2.004288	-71.477E-03
2.006784	-91.578E-03
2.009280	-31.276E-03
2.011776	-111.678E-03
2.014272	-71.477E-03
2.016768	-136.804E-03
2.019264	-36.301E-03
2.021760	-16.201E-03
2.024256	+3.900E-03
2.026752	-56.402E-03
2.029248	-76.502E-03
2.031744	-51.377E-03
2.034240	+3.900E-03
2.036736	+29.025E-03
2.039232	+3.300382E+00
2.041728	+2.682292E+00
2.044224	+3.900E-03
2.046720	-56.402E-03
2.049216	+49.126E-03
2.051712	+3.900E-03
2.054208	+3.900E-03
2.056704	+3.900E-03
2.059200	-76.502E-03
2.061696	-131.779E-03
2.064192	+3.900E-03
2.066688	-36.301E-03
2.069184	-31.276E-03
2.071680	-76.502E-03
2.074176	-71.477E-03
2.076672	-56.402E-03
2.079168	-31.276E-03
2.081664	-51.377E-03
2.084160	-71.477E-03
2.086656	-116.703E-03
2.089152	-31.276E-03
2.091648	-76.502E-03
2.094144	+3.900E-03
2.096640	-76.502E-03
2.099136	+3.900E-03
2.101632	-36.301E-03
2.104128	+3.900E-03
2.106624	+3.900E-03
2.109120	-71.477E-03
2.111616	-76.502E-03
2.114112	-151.879E-03
2.116608	+3.900E-03
2.119104	+8.925E-03
2.121600	-16.201E-03
2.124096	+3.900E-03
2.126592	-76.502E-03
2.129088	-36.301E-03
2.131584	+84.302E-03
2.134080	-71.477E-03
2.136576	-76.502E-03
2.139072	-36.301E-03
2.141568	-31.276E-03
2.144064	-71.477E-03
2.146560	-76.502E-03
2.149056	-71.477E-03
2.151552	-51.377E-03
2.154048	+3.900E-03
2.156544	-56.402E-03
2.159040	-36.301E-03
2.161536	-16.201E-03
2.164032	-76.502E-03
2.166528	-76.502E-03
2.169024	-36.301E-03
2.171520	-36.301E-03
2.174016	+3.900E-03
2.176512	-136.804E-03
2.179008	-31.276E-03
2.181504	-51.377E-03
2.184000	+3.900E-03
2.186496	-136.804E-03
2.188992	-36.301E-03
2.191488	-51.377E-03
2.193984	-71.477E-03
2.196480	-91.578E-03
2.198976	+8.925E-03
2.201472	-76.502E-03
2.203968	+3.900E-03
2.206464	-31.276E-03
2.208960	-31.276E-03
2.211456	-76.502E-03
2.213952	+3.900E-03
2.216448	-11.176E-03
2.218944	+8.925E-03
2.221440	+29.025E-03
2.223936	+3.900E-03
2.226432	-56.402E-03
2.228928	-76.502E-03
2.231424	+3.900E-03
2.233920	-71.477E-03
2.236416	-76.502E-03
2.238912	+3.900E-03
2.241408	+64.201E-03
2.243904	+3.900E-03
2.246400	-56.402E-03
2.248896	-71.477E-03
2.251392	-16.201E-03
2.253888	-76.502E-03
2.256384	+3.900E-03
2.258880	-31.276E-03
2.261376	-51.377E-03
2.263872	+3.900E-03
2.266368	+3.900E-03
2.268864	-76.502E-03
2.271360	+3.900E-03
2.273856	+84.302E-03
2.276352	-96.603E-03
2.278848	+3.900E-03
2.281344	-76.502E-03
2.283840	-71.477E-03
2.286336	+49.126E-03
2.288832	-156.904E-03
2.291328	-51.377E-03
2.293824	+3.900E-03
2.296320	+24.000E-03
2.298816	-76.502E-03
2.301312	-96.603E-03
2.303808	-71.477E-03
2.306304	-11.176E-03
2.308800	+3.900E-03
2.311296	+3.900E-03
2.313792	+3.900E-03
2.316288	-76.502E-03
2.318784	-76.502E-03
2.321280	-51.377E-03
2.323776	-76.502E-03
2.326272	+3.900E-03
2.328768	-36.301E-03
2.331264	+64.201E-03
2.333760	+8.925E-03
2.336256	-11.176E-03
2.338752	-76.502E-03
2.341248	-76.502E-03
2.343744	-76.502E-03
2.346240	+49.126E-03
2.348736	-76.502E-03
2.351232	-51.377E-03
2.353728	-76.502E-03
2.356224	-76.502E-03
2.358720	-31.276E-03
2.361216	+3.900E-03
2.363712	+84.302E-03
2.366208	-11.176E-03
2.368704	+3.900E-03
2.371200	+29.025E-03
2.373696	+3.900E-03
2.376192	-76.502E-03
2.378688	+49.126E-03
2.381184	-76.502E-03
2.383680	-71.477E-03
2.386176	-11.176E-03
2.388672	+3.900E-03
2.391168	+3.900E-03
2.393664	+8.925E-03
2.396160	-36.301E-03
2.398656	+8.925E-03
2.401152	+44.101E-03
2.403648	-76.502E-03
2.406144	-76.502E-03
2.408640	-76.502E-03
2.411136	-76.502E-03
2.413632	+3.900E-03
2.416128	+84.302E-03
2.418624	-31.276E-03
2.421120	-51.377E-03
2.423616	+3.900E-03
2.426112	+3.900E-03
2.428608	-36.301E-03
2.431104	-51.377E-03
2.433600	-71.477E-03
2.436096	-91.578E-03
2.438592	-76.502E-03
2.441088	-16.201E-03
2.443584	+84.302E-03
2.446080	-76.502E-03
2.448576	-111.678E-03
2.451072	-76.502E-03
2.453568	-71.477E-03
2.456064	-76.502E-03
2.458560	-36.301E-03
2.461056	-131.779E-03
2.463552	-76.502E-03
2.466048	-91.578E-03
2.468544	-76.502E-03
2.471040	-76.502E-03
2.473536	-76.502E-03
2.476032	+3.900E-03
2.478528	+44.101E-03
2.481024	-31.276E-03
2.483520	-71.477E-03
2.486016	+24.000E-03
2.488512	-36.301E-03
2.491008	-16.201E-03
2.493504	-71.477E-03
2.496000	+3.900E-03
2.498496	+8.925E-03
2.500992	+3.900E-03
2.503488	-71.477E-03
2.505984	+3.900E-03
2.508480	-31.276E-03
2.510976	-51.377E-03
2.513472	+3.900E-03
2.515968	-76.502E-03
2.518464	-31.276E-03
2.520960	-111.678E-03
2.523456	-71.477E-03
2.525952	-136.804E-03
2.528448	-76.502E-03
2.530944	-76.502E-03
2.533440	-76.502E-03
2.535936	-76.502E-03
2.538432	+3.900E-03
2.540928	+3.900E-03
2.543424	-71.477E-03
2.545920	-56.402E-03
2.548416	+3.900E-03
2.550912	-16.201E-03
2.553408	+3.900E-03
2.555904	-56.402E-03
2.558400	+3.900E-03
2.560896	-16.201E-03
2.563392	+3.900E-03
2.565888	-116.703E-03
2.568384	+3.900E-03
2.570880	+104.402E-03
2.573376	+3.900E-03
2.575872	-11.176E-03
2.578368	-76.502E-03
2.580864	-76.502E-03
2.583360	+3.900E-03
2.585856	-36.301E-03
2.588352	+84.302E-03
2.590848	-76.502E-03
2.593344	+3.900E-03
2.595840	-76.502E-03
2.598336	-36.301E-03
2.600832	-76.502E-03
2.603328	+3.900E-03
2.605824	-31.276E-03
2.608320	-31.276E-03
2.610816	-76.502E-03
2.613312	+3.900E-03
2.615808	-11.176E-03
2.618304	-76.502E-03
2.620800	-16.201E-03
2.623296	+3.900E-03
2.625792	-56.402E-03
2.628288	+3.900E-03
2.630784	-76.502E-03
2.633280	+3.900E-03
2.635776	+49.126E-03
2.638272	-76.502E-03
2.640768	-51.377E-03
2.643264	+164.704E-03
2.645760	-51.377E-03
2.648256	-36.301E-03
2.650752	+3.900E-03
2.653248	+3.900E-03
2.655744	-91.578E-03
2.658240	+3.900E-03
2.660736	-76.502E-03
2.663232	+3.900E-03
2.665728	-56.402E-03
2.668224	+3.900E-03
2.670720	-76.502E-03
2.673216	+3.900E-03
2.675712	-11.176E-03
2.678208	-31.276E-03
2.680704	-76.502E-03
2.683200	+3.900E-03
2.685696	-11.176E-03
2.688192	-31.276E-03
2.690688	-76.502E-03
2.693184	+84.302E-03
2.695680	-31.276E-03
2.698176	-36.301E-03
2.700672	-76.502E-03
2.703168	+84.302E-03
2.705664	-31.276E-03
2.708160	-116.703E-03
2.710656	-51.377E-03
2.713152	-71.477E-03
2.715648	+3.900E-03
2.718144	+3.900E-03
2.720640	-51.377E-03
2.723136	-76.502E-03
2.725632	+3.900E-03
2.728128	-76.502E-03
2.730624	-76.502E-03
2.733120	+84.302E-03
2.735616	-56.402E-03
2.738112	-76.502E-03
2.740608	-76.502E-03
2.743104	-76.502E-03
2.745600	-56.402E-03
2.748096	+44.101E-03
2.750592	-51.377E-03
2.753088	-71.477E-03
2.755584	-136.804E-03
2.758080	-719.718E-03
2.760576	-719.718E-03
2.763072	-719.718E-03
2.765568	-639.316E-03
2.768064	-71.477E-03
2.770560	-96.603E-03
2.773056	-76.502E-03
2.775552	-76.502E-03
2.778048	-76.502E-03
2.780544	-76.502E-03
2.783040	+3.900E-03
2.785536	+69.226E-03
2.788032	+3.900E-03
2.790528	-76.502E-03
2.793024	+84.302E-03
2.795520	-56.402E-03
2.798016	-76.502E-03
2.800512	-51.377E-03
2.803008	-151.879E-03
2.805504	-76.502E-03
2.808000	-31.276E-03
2.810496	+24.000E-03
2.812992	+84.302E-03
2.815488	-136.804E-03
2.817984	-76.502E-03
2.820480	-76.502E-03
2.822976	-76.502E-03
2.825472	-136.804E-03
2.827968	-31.276E-03
2.830464	+3.900E-03
2.832960	+3.900E-03
2.835456	-31.276E-03
2.837952	-76.502E-03
2.840448	-76.502E-03
2.842944	-151.879E-03
2.845440	-91.578E-03
2.847936	+44.101E-03
2.850432	-51.377E-03
2.852928	-71.477E-03
2.855424	+24.000E-03
2.857920	-31.276E-03
2.860416	-16.201E-03
2.862912	-76.502E-03
2.865408	+109.427E-03
2.867904	-76.502E-03
2.870400	-16.201E-03
2.872896	-71.477E-03
2.875392	-136.804E-03
2.877888	-36.301E-03
2.880384	+44.101E-03
2.882880	-71.477E-03
2.885376	-56.402E-03
2.887872	-31.276E-03
2.890368	-76.502E-03
2.892864	+3.900E-03
2.895360	-56.402E-03
2.897856	+3.900E-03
2.900352	-31.276E-03
2.902848	+3.900E-03
2.905344	-76.502E-03
2.907840	-71.477E-03
2.910336	-76.502E-03
2.912832	+3.900E-03
2.915328	+24.000E-03
2.917824	-71.477E-03
2.920320	-51.377E-03
2.922816	-71.477E-03
2.925312	-31.276E-03
2.927808	-36.301E-03
2.930304	-31.276E-03
2.932800	-76.502E-03
2.935296	-56.402E-03
2.937792	-111.678E-03
2.940288	-51.377E-03
2.942784	-76.502E-03
2.945280	-11.176E-03
2.947776	-36.301E-03
2.950272	-76.502E-03
2.952768	+84.302E-03
2.955264	+3.900E-03
2.957760	-71.477E-03
2.960256	-76.502E-03
2.962752	-76.502E-03
2.965248	-91.578E-03
2.967744	-76.502E-03
2.970240	+29.025E-03
2.972736	+84.302E-03
2.975232	-56.402E-03
2.977728	-76.502E-03
2.980224	+3.900E-03
2.982720	-71.477E-03
2.985216	-156.904E-03
2.987712	-76.502E-03
2.990208	+44.101E-03
2.992704	+3.900E-03
2.995200	+3.900E-03
2.997696	-76.502E-03
3.000192	-51.377E-03
3.002688	+3.900E-03
3.005184	-76.502E-03
3.007680	-76.502E-03
3.010176	-51.377E-03
3.012672	-71.477E-03
3.015168	-11.176E-03
3.017664	-31.276E-03
3.020160	+3.900E-03
3.022656	-76.502E-03
3.025152	+3.900E-03
3.027648	+3.900E-03
3.030144	-76.502E-03
3.032640	+3.900E-03
3.035136	-136.804E-03
3.037632	-76.502E-03
3.040128	+3.900E-03
3.042624	-76.502E-03
3.045120	-56.402E-03
3.047616	-31.276E-03
3.050112	-51.377E-03
3.052608	+3.900E-03
3.055104	+49.126E-03
3.057600	-76.502E-03
3.060096	-51.377E-03
3.062592	-71.477E-03
3.065088	+69.226E-03
3.067584	-31.276E-03
3.070080	+84.302E-03
3.072576	+1.692342E+00
3.075072	+4.586814E+00
3.077568	-31.276E-03
3.080064	-76.502E-03
3.082560	+3.900E-03
3.085056	-116.703E-03
3.087552	-76.502E-03
3.090048	+44.101E-03
3.092544	-76.502E-03
3.095040	-11.176E-03
3.097536	-36.301E-03
3.100032	-51.377E-03
3.102528	-151.879E-03
3.105024	-56.402E-03
3.107520	-36.301E-03
3.110016	-96.603E-03
3.112512	-71.477E-03
3.115008	-76.502E-03
3.117504	-76.502E-03
3.120000	-16.201E-03
3.122496	+3.900E-03
3.124992	+3.900E-03
3.127488	-36.301E-03
3.129984	-51.377E-03
3.132480	-76.502E-03
3.134976	+3.900E-03
3.137472	-156.904E-03
3.139968	+3.900E-03
3.142464	-76.502E-03
3.144960	-11.176E-03
3.147456	-76.502E-03
3.149952	+3.900E-03
3.152448	-76.502E-03
3.154944	+49.126E-03
3.157440	-36.301E-03
3.159936	-76.502E-03
3.162432	-71.477E-03
3.164928	+24.000E-03
3.167424	-116.703E-03
3.169920	+3.900E-03
3.172416	+3.900E-03
3.174912	-76.502E-03
3.177408	-76.502E-03
3.179904	-36.301E-03
3.182400	-71.477E-03
3.184896	-56.402E-03
3.187392	+44.101E-03
3.189888	-36.301E-03
3.192384	-151.879E-03
3.194880	-76.502E-03
3.197376	-111.678E-03
3.199872	-76.502E-03
3.202368	-76.502E-03
3.204864	-76.502E-03
3.207360	-31.276E-03
3.209856	-51.377E-03
3.212352	-76.502E-03
3.214848	-11.176E-03
3.217344	-71.477E-03
3.219840	-131.779E-03
3.222336	-156.904E-03
3.224832	-116.703E-03
3.227328	-36.301E-03
3.229824	-16.201E-03
3.232320	-151.879E-03
3.234816	-11.176E-03
3.237312	+3.900E-03
3.239808	-16.201E-03
3.242304	+3.900E-03
3.244800	-36.301E-03
3.247296	-31.276E-03
3.249792	-36.301E-03
3.252288	-71.477E-03
3.254784	-56.402E-03
3.257280	-31.276E-03
3.259776	-51.377E-03
3.262272	-76.502E-03
3.264768	-11.176E-03
3.267264	-31.276E-03
3.269760	-76.502E-03
3.272256	-71.477E-03
3.274752	+24.000E-03
3.277248	+3.900E-03
3.279744	-76.502E-03
3.282240	-76.502E-03
3.284736	+49.126E-03
3.287232	-36.301E-03
3.289728	-51.377E-03
3.292224	-76.502E-03
3.294720	-56.402E-03
3.297216	+49.126E-03
3.299712	-76.502E-03
3.302208	+3.900E-03
3.304704	+49.126E-03
3.307200	-36.301E-03
3.309696	-76.502E-03
3.312192	+8.925E-03
3.314688	-56.402E-03
3.317184	-71.477E-03
3.319680	-16.201E-03
3.322176	+3.900E-03
3.324672	-36.301E-03
3.327168	+3.900E-03
3.329664	-51.377E-03
3.332160	+8.925E-03
3.334656	-56.402E-03
3.337152	-36.301E-03
3.339648	-16.201E-03
3.342144	-76.502E-03
3.344640	-36.301E-03
3.347136	+3.900E-03
3.349632	+44.101E-03
3.352128	+3.900E-03
3.354624	+69.226E-03
3.357120	-31.276E-03
3.359616	+44.101E-03
3.362112	+3.900E-03
3.364608	+3.900E-03
3.367104	+3.900E-03
3.369600	+3.900E-03
3.372096	-71.477E-03
3.374592	-156.904E-03
3.377088	-31.276E-03
3.379584	+3.900E-03
3.382080	+3.900E-03
3.384576	+3.900E-03
3.387072	-111.678E-03
3.389568	-76.502E-03
3.392064	-76.502E-03
3.394560	-11.176E-03
3.397056	-31.276E-03
3.399552	-76.502E-03
3.402048	+3.900E-03
3.404544	-56.402E-03
3.407040	+44.101E-03
3.409536	-51.377E-03
3.412032	-76.502E-03
3.414528	-91.578E-03
3.417024	-36.301E-03
3.419520	-16.201E-03
3.422016	+3.900E-03
3.424512	-36.301E-03
3.427008	-76.502E-03
3.429504	-51.377E-03
3.432000	+3.900E-03
3.434496	-56.402E-03
3.436992	+8.925E-03
3.439488	-16.201E-03
3.441984	-76.502E-03
3.444480	-111.678E-03
3.446976	+3.900E-03
3.449472	+3.900E-03
3.451968	+3.900E-03
3.454464	-76.502E-03
3.456960	-76.502E-03
3.459456	+3.900E-03
3.461952	+3.900E-03
3.464448	-11.176E-03
3.466944	-76.502E-03
3.469440	+44.101E-03
3.471936	+3.900E-03
3.474432	-11.176E-03
3.476928	+3.900E-03
3.479424	-16.201E-03
3.481920	-76.502E-03
3.484416	-136.804E-03
3.486912	-76.502E-03
3.489408	-16.201E-03
3.491904	+3.900E-03
3.494400	+49.126E-03
3.496896	-36.301E-03
3.499392	-131.779E-03
3.501888	-76.502E-03
3.504384	-11.176E-03
3.506880	-156.904E-03
3.509376	-16.201E-03
3.511872	-71.477E-03
3.514368	-11.176E-03
3.516864	-76.502E-03
3.519360	+64.201E-03
3.521856	+3.900E-03
3.524352	-11.176E-03
3.526848	+44.101E-03
3.529344	-76.502E-03
3.531840	-71.477E-03
3.534336	-11.176E-03
3.536832	-31.276E-03
3.539328	-51.377E-03
3.541824	-76.502E-03
3.544320	-56.402E-03
3.546816	-76.502E-03
3.549312	-16.201E-03
3.551808	+3.900E-03
3.554304	-76.502E-03
3.556800	-36.301E-03
3.559296	-76.502E-03
3.561792	+8.925E-03
3.564288	+3.900E-03
3.566784	-36.301E-03
3.569280	-76.502E-03
3.571776	+3.900E-03
3.574272	+24.000E-03
3.576768	-31.276E-03
3.579264	-31.276E-03
3.581760	-76.502E-03
3.584256	-11.176E-03
3.586752	-76.502E-03
3.589248	-16.201E-03
3.591744	+84.302E-03
3.594240	+69.226E-03
3.596736	-36.301E-03
3.599232	+3.900E-03
3.601728	+3.900E-03
3.604224	-36.301E-03
3.606720	+3.900E-03
3.609216	-76.502E-03
3.611712	+3.900E-03
3.614208	-91.578E-03
3.616704	+3.900E-03
3.619200	-76.502E-03
3.621696	+3.900E-03
3.624192	-76.502E-03
3.626688	+44.101E-03
3.629184	-16.201E-03
3.631680	-76.502E-03
3.634176	+24.000E-03
3.636672	+3.900E-03
3.639168	+29.025E-03
3.641664	-71.477E-03
3.644160	+3.900E-03
3.646656	-31.276E-03
3.649152	-31.276E-03
3.651648	-151.879E-03
3.654144	-56.402E-03
3.656640	-36.301E-03
3.659136	+64.201E-03
3.661632	+8.925E-03
3.664128	+3.900E-03
3.666624	-31.276E-03
3.669120	+44.101E-03
3.671616	-76.502E-03
3.674112	-91.578E-03
3.676608	-36.301E-03
3.679104	-76.502E-03
3.681600	-76.502E-03
3.684096	+3.900E-03
3.686592	-31.276E-03
3.689088	-16.201E-03
3.691584	+84.302E-03
3.694080	+3.900E-03
3.696576	-76.502E-03
3.699072	-76.502E-03
3.701568	+3.900E-03
3.704064	-11.176E-03
3.706560	-76.502E-03
3.709056	-156.904E-03
3.711552	+3.900E-03
3.714048	-76.502E-03
3.716544	-36.301E-03
3.719040	-131.779E-03
3.721536	+3.900E-03
3.724032	+3.900E-03
3.726528	-36.301E-03
3.729024	-16.201E-03
3.731520	-76.502E-03
3.734016	-76.502E-03
3.736512	-36.301E-03
3.739008	-76.502E-03
3.741504	-151.879E-03
3.744000	+3.900E-03
3.746496	+3.900E-03
3.748992	-51.377E-03
3.751488	+84.302E-03
3.753984	+3.900E-03
3.756480	-76.502E-03
3.758976	-51.377E-03
3.761472	-71.477E-03
3.763968	-91.578E-03
3.766464	-36.301E-03
3.768960	-16.201E-03
3.771456	-71.477E-03
3.773952	+149.628E-03
3.776448	-76.502E-03
3.778944	-51.377E-03
3.781440	+3.900E-03
3.783936	-36.301E-03
3.786432	-36.301E-03
3.788928	-16.201E-03
3.791424	-71.477E-03
3.793920	+49.126E-03
3.796416	+8.925E-03
3.798912	-51.377E-03
3.801408	+8.925E-03
3.803904	-91.578E-03
3.806400	-31.276E-03
3.808896	-76.502E-03
3.811392	+3.900E-03
3.813888	-116.703E-03
3.816384	+3.900E-03
3.818880	+3.900E-03
3.821376	+3.900E-03
3.823872	-76.502E-03
3.826368	-36.301E-03
3.828864	+29.025E-03
3.831360	+3.900E-03
3.833856	-76.502E-03
3.836352	-111.678E-03
3.838848	-96.603E-03
3.841344	+3.900E-03
3.843840	-11.176E-03
3.846336	-31.276E-03
3.848832	-96.603E-03
3.851328	-71.477E-03
3.853824	-76.502E-03
3.856320	-111.678E-03
3.858816	-76.502E-03
3.861312	-71.477E-03
3.863808	-56.402E-03
3.866304	-36.301E-03
3.868800	-16.201E-03
3.871296	+3.900E-03
3.873792	+3.900E-03
3.876288	-76.502E-03
3.878784	-36.301E-03
3.881280	+3.900E-03
3.883776	+69.226E-03
3.886272	-111.678E-03
3.888768	-76.502E-03
3.891264	+3.900E-03
3.893760	-56.402E-03
3.896256	-76.502E-03
3.898752	-51.377E-03
3.901248	-156.904E-03
3.903744	-699.618E-03
3.906240	-754.894E-03
3.908736	-800.120E-03
3.911232	-317.708E-03
3.913728	-11.176E-03
3.916224	+3.900E-03
3.918720	+3.900E-03
3.921216	+3.900E-03
3.923712	-76.502E-03
3.926208	-76.502E-03
3.928704	-76.502E-03
3.931200	-76.502E-03
3.933696	+3.900E-03
3.936192	+3.900E-03
3.938688	-91.578E-03
3.941184	+3.900E-03
3.943680	+3.900E-03
3.946176	-31.276E-03
3.948672	-111.678E-03
3.951168	+84.302E-03
3.953664	-11.176E-03
3.956160	-76.502E-03
3.958656	+3.900E-03
3.961152	+84.302E-03
3.963648	-56.402E-03
3.966144	+3.900E-03
3.968640	-16.201E-03
3.971136	+3.900E-03
3.973632	-56.402E-03
3.976128	-76.502E-03
3.978624	-76.502E-03
3.981120	-76.502E-03
3.983616	+3.900E-03
3.986112	-31.276E-03
3.988608	-31.276E-03
3.991104	+3.900E-03
3.993600	+24.000E-03
3.996096	+3.900E-03
3.998592	-76.502E-03
4.001088	-151.879E-03
4.003584	-116.703E-03
4.006080	+3.900E-03
4.008576	-51.377E-03
4.011072	-71.477E-03
4.013568	-56.402E-03
4.016064	+3.900E-03
4.018560	-131.779E-03
4.021056	+3.900E-03
4.023552	-56.402E-03
4.026048	-111.678E-03
4.028544	-51.377E-03
4.031040	-76.502E-03
4.033536	+69.226E-03
4.036032	-76.502E-03
4.038528	+84.302E-03
4.041024	+3.900E-03
4.043520	-136.804E-03
4.046016	-36.301E-03
4.048512	-76.502E-03
4.051008	+8.925E-03
4.053504	-11.176E-03
4.056000	-76.502E-03
4.058496	-16.201E-03
4.060992	+8.925E-03
4.063488	-31.276E-03
4.065984	-36.301E-03
4.068480	-51.377E-03
4.070976	+3.900E-03
4.073472	-56.402E-03
4.075968	+44.101E-03
4.078464	-96.603E-03
4.080960	+8.925E-03
4.083456	-11.176E-03
4.085952	-76.502E-03
4.088448	+3.900E-03
4.090944	-71.477E-03
4.093440	+24.000E-03
4.095936	-76.502E-03
4.098432	-96.603E-03
4.100928	+3.900E-03
4.103424	+3.900E-03
4.105920	+3.900E-03
4.108416	-31.276E-03
4.110912	+3.900E-03
4.113408	-76.502E-03
4.115904	+49.126E-03
4.118400	+3.900E-03
4.120896	-71.477E-03
4.123392	+24.000E-03
4.125888	-36.301E-03
4.128384	-51.377E-03
4.130880	-76.502E-03
4.133376	-76.502E-03
4.135872	+3.900E-03
4.138368	-51.377E-03
4.140864	-71.477E-03
4.143360	-76.502E-03
4.145856	-76.502E-03
4.148352	-16.201E-03
4.150848	-71.477E-03
4.153344	-76.502E-03
4.155840	+3.900E-03
4.158336	-111.678E-03
4.160832	-76.502E-03
4.163328	-11.176E-03
4.165824	-116.703E-03
4.168320	+3.900E-03
4.170816	+84.302E-03
4.173312	-76.502E-03
4.175808	-31.276E-03
4.178304	-131.779E-03
4.180800	-76.502E-03
4.183296	+3.900E-03
4.185792	-76.502E-03
4.188288	-111.678E-03
4.190784	+8.925E-03
4.193280	-76.502E-03
4.195776	+84.302E-03
4.198272	+29.025E-03
4.200768	+3.900E-03
4.203264	+3.900E-03
4.205760	+3.900E-03
4.208256	+3.900E-03
4.210752	+164.704E-03
4.213248	+24.000E-03
4.215744	+4.059176E+00
4.218240	+84.302E-03
4.220736	-76.502E-03
4.223232	-11.176E-03
4.225728	-76.502E-03
4.228224	-51.377E-03
4.230720	-71.477E-03
4.233216	-76.502E-03
4.235712	-31.276E-03
4.238208	-76.502E-03
4.240704	-76.502E-03
4.243200	-56.402E-03
4.245696	-36.301E-03
4.248192	-51.377E-03
4.250688	-71.477E-03
4.253184	-76.502E-03
4.255680	-31.276E-03
4.258176	+3.900E-03
4.260672	-76.502E-03
4.263168	-11.176E-03
4.265664	-71.477E-03
4.268160	-16.201E-03
4.270656	+84.302E-03
4.273152	-76.502E-03
4.275648	-111.678E-03
4.278144	-131.779E-03
4.280640	+3.900E-03
4.283136	-136.804E-03
4.285632	-76.502E-03
4.288128	-51.377E-03
4.290624	-76.502E-03
4.293120	-116.703E-03
4.295616	+3.900E-03
4.298112	-16.201E-03
4.300608	+84.302E-03
4.303104	-56.402E-03
4.305600	-76.502E-03
4.308096	-16.201E-03
4.310592	+3.900E-03
4.313088	-11.176E-03
4.315584	-76.502E-03
4.318080	+3.900E-03
4.320576	+3.900E-03
4.323072	-136.804E-03
4.325568	-31.276E-03
4.328064	-36.301E-03
4.330560	-76.502E-03
4.333056	-11.176E-03
4.335552	-71.477E-03
4.338048	+3.900E-03
4.340544	+3.900E-03
4.343040	-56.402E-03
4.345536	+3.900E-03
4.348032	+3.900E-03
4.350528	+3.900E-03
4.353024	-76.502E-03
4.355520	-71.477E-03
4.358016	-16.201E-03
4.360512	+3.900E-03
4.363008	+3.900E-03
4.365504	-71.477E-03
4.368000	-36.301E-03
4.370496	-71.477E-03
4.372992	-76.502E-03
4.375488	-36.301E-03
4.377984	+3.900E-03
4.380480	+3.900E-03
4.382976	-76.502E-03
4.385472	-36.301E-03
4.387968	-76.502E-03
4.390464	-76.502E-03
4.392960	-11.176E-03
4.395456	+44.101E-03
4.397952	-111.678E-03
4.400448	-76.502E-03
4.402944	-31.276E-03
4.405440	-76.502E-03
4.407936	+44.101E-03
4.410432	-76.502E-03
4.412928	-56.402E-03
4.415424	-36.301E-03
4.417920	-76.502E-03
4.420416	-76.502E-03
4.422912	-56.402E-03
4.425408	-36.301E-03
4.427904	-16.201E-03
4.430400	-71.477E-03
4.432896	-76.502E-03
4.435392	+3.900E-03
4.437888	-16.201E-03
4.440384	-76.502E-03
4.442880	-136.804E-03
4.445376	-76.502E-03
4.447872	+24.000E-03
4.450368	+3.900E-03
4.452864	-11.176E-03
4.455360	-111.678E-03
4.457856	-51.377E-03
4.460352	+3.900E-03
4.462848	-76.502E-03
4.465344	-76.502E-03
4.467840	+44.101E-03
4.470336	-71.477E-03
4.472832	-56.402E-03
4.475328	-36.301E-03
4.477824	-16.201E-03
4.480320	-151.879E-03
4.482816	-11.176E-03
4.485312	-76.502E-03
4.487808	+3.900E-03
4.490304	+3.900E-03
4.492800	-76.502E-03
4.495296	-31.276E-03
4.497792	+29.025E-03
4.500288	-76.502E-03
4.502784	-11.176E-03
4.505280	-31.276E-03
4.507776	-31.276E-03
4.510272	+3.900E-03
4.512768	+3.900E-03
4.515264	-36.301E-03
4.517760	-76.502E-03
4.520256	-76.502E-03
4.522752	-76.502E-03
4.525248	+3.900E-03
4.527744	-51.377E-03
4.530240	-71.477E-03
4.532736	-11.176E-03
4.535232	-71.477E-03
4.537728	+49.126E-03
4.540224	-76.502E-03
4.542720	-11.176E-03
4.545216	-76.502E-03
4.547712	+3.900E-03
4.550208	+3.900E-03
4.552704	-11.176E-03
4.555200	-111.678E-03
4.557696	+3.900E-03
4.560192	-76.502E-03
4.562688	-76.502E-03
4.565184	-76.502E-03
4.567680	-51.377E-03
4.570176	+3.900E-03
4.572672	-76.502E-03
4.575168	-71.477E-03
4.577664	+3.900E-03
4.580160	-76.502E-03
4.582656	+3.900E-03
4.585152	-36.301E-03
4.587648	-16.201E-03
4.590144	-151.879E-03
4.592640	+24.000E-03
4.595136	+44.101E-03
4.597632	+49.126E-03
4.600128	+3.900E-03
4.602624	-76.502E-03
4.605120	-76.502E-03
4.607616	-76.502E-03
4.610112	-76.502E-03
4.612608	+3.900E-03
4.615104	-36.301E-03
4.617600	+3.900E-03
4.620096	-71.477E-03
4.622592	-91.578E-03
4.625088	+3.900E-03
4.627584	-111.678E-03
4.630080	-71.477E-03
4.632576	-11.176E-03
4.635072	-31.276E-03
4.637568	-16.201E-03
4.640064	-71.477E-03
4.642560	-31.276E-03
4.645056	-76.502E-03
4.647552	+3.900E-03
4.650048	+8.925E-03
4.652544	-31.276E-03
4.655040	-31.276E-03
4.657536	-51.377E-03
4.660032	-151.879E-03
4.662528	-11.176E-03
4.665024	-36.301E-03
4.667520	+3.900E-03
4.670016	-71.477E-03
4.672512	-11.176E-03
4.675008	+3.900E-03
4.677504	-51.377E-03
4.680000	+3.900E-03
4.682496	-36.301E-03
4.684992	-111.678E-03
4.687488	+3.900E-03
4.689984	-71.477E-03
4.692480	-56.402E-03
4.694976	+8.925E-03
4.697472	-16.201E-03
4.699968	-76.502E-03
4.702464	+3.900E-03
4.704960	-31.276E-03
4.707456	-192.080E-03
4.709952	+3.900E-03
4.712448	+3.900E-03
4.714944	-31.276E-03
4.717440	+3.900E-03
4.719936	-71.477E-03
4.722432	-76.502E-03
4.724928	-111.678E-03
4.727424	-16.201E-03
4.729920	-76.502E-03
4.732416	-780.020E-03
4.734912	-800.120E-03
4.737408	-719.718E-03
4.739904	-71.477E-03
4.742400	-116.703E-03
4.744896	-76.502E-03
4.747392	-76.502E-03
4.749888	-76.502E-03
4.752384	-11.176E-03
4.754880	-76.502E-03
4.757376	-131.779E-03
4.759872	-76.502E-03
4.762368	-76.502E-03
4.764864	-36.301E-03
4.767360	-76.502E-03
4.769856	-151.879E-03
4.772352	-76.502E-03
4.774848	-31.276E-03
4.777344	-111.678E-03
4.779840	-71.477E-03
4.782336	-76.502E-03
4.784832	+8.925E-03
4.787328	-91.578E-03
4.789824	+3.900E-03
4.792320	-56.402E-03
4.794816	-116.703E-03
4.797312	-76.502E-03
4.799808	-76.502E-03
4.802304	-11.176E-03
4.804800	+44.101E-03
4.807296	-16.201E-03
4.809792	-76.502E-03
4.812288	+3.900E-03
4.814784	-31.276E-03
4.817280	-51.377E-03
4.819776	+3.900E-03
4.822272	+69.226E-03
4.824768	+8.925E-03
4.827264	-76.502E-03
4.829760	-71.477E-03
4.832256	+3.900E-03
4.834752	+3.900E-03
4.837248	-76.502E-03
4.839744	+8.925E-03
4.842240	+3.900E-03
4.844736	+3.900E-03
4.847232	+24.000E-03
4.849728	+3.900E-03
4.852224	+3.900E-03
4.854720	-76.502E-03
4.857216	+3.900E-03
4.859712	-71.477E-03
4.862208	-11.176E-03
4.864704	-71.477E-03
4.867200	-16.201E-03
4.869696	+3.900E-03
4.872192	+3.900E-03
4.874688	+3.900E-03
4.877184	-76.502E-03
4.879680	-71.477E-03
4.882176	-36.301E-03
4.884672	-36.301E-03
4.887168	-76.502E-03
4.889664	+3.900E-03
4.892160	+3.900E-03
4.894656	-76.502E-03
4.897152	-51.377E-03
4.899648	-71.477E-03
4.902144	-56.402E-03
4.904640	+3.900E-03
4.907136	-36.301E-03
4.909632	+84.302E-03
4.912128	+3.900E-03
4.914624	-36.301E-03
4.917120	-51.377E-03
4.919616	-151.879E-03
4.922112	+69.226E-03
4.924608	-36.301E-03
4.927104	-76.502E-03
4.929600	-71.477E-03
4.932096	-11.176E-03
4.934592	-71.477E-03
4.937088	-51.377E-03
4.939584	-76.502E-03
4.942080	-11.176E-03
4.944576	+8.925E-03
4.947072	-96.603E-03
4.949568	-71.477E-03
4.952064	-76.502E-03
4.954560	+49.126E-03
4.957056	-51.377E-03
4.959552	+3.900E-03
4.962048	+24.000E-03
4.964544	-76.502E-03
4.967040	-76.502E-03
4.969536	-71.477E-03
4.972032	-11.176E-03
4.974528	-31.276E-03
4.977024	+29.025E-03
4.979520	+3.900E-03
