-250.0000E-03	-681.5328E-03
-249.7500E-03	-380.0253E-03
-249.5000E-03	-681.5328E-03
-249.2500E-03	-581.0303E-03
-249.0000E-03	-681.5328E-03
-248.7500E-03	-555.9047E-03
-248.5000E-03	-455.4022E-03
-248.2500E-03	-681.5328E-03
-248.0000E-03	-681.5328E-03
-247.7500E-03	-405.1509E-03
-247.5000E-03	-606.1559E-03
-247.2500E-03	-279.5228E-03
-247.0000E-03	-279.5228E-03
-246.7500E-03	-279.5228E-03
-246.5000E-03	-279.5228E-03
-246.2500E-03	-279.5228E-03
-246.0000E-03	-606.1559E-03
-245.7500E-03	-681.5328E-03
-245.5000E-03	-128.7690E-03
-245.2500E-03	+47.1104E-03
-245.0000E-03	-279.5228E-03
-244.7500E-03	-505.6534E-03
-244.5000E-03	-530.7791E-03
-244.2500E-03	-681.5328E-03
-244.0000E-03	-279.5228E-03
-243.7500E-03	-480.5278E-03
-243.5000E-03	-103.6434E-03
-243.2500E-03	-279.5228E-03
-243.0000E-03	-354.8997E-03
-242.7500E-03	-279.5228E-03
-242.5000E-03	-380.0253E-03
-242.2500E-03	-279.5228E-03
-242.0000E-03	-153.8946E-03
-241.7500E-03	-455.4022E-03
-241.5000E-03	-480.5278E-03
-241.2500E-03	-656.4072E-03
-241.0000E-03	-380.0253E-03
-240.7500E-03	-279.5228E-03
-240.5000E-03	-354.8997E-03
-240.2500E-03	-279.5228E-03
-240.0000E-03	-681.5328E-03
-239.7500E-03	-279.5228E-03
-239.5000E-03	+72.2360E-03
-239.2500E-03	-681.5328E-03
-239.0000E-03	-279.5228E-03
-238.7500E-03	-430.2765E-03
-238.5000E-03	-279.5228E-03
-238.2500E-03	-329.7740E-03
-238.0000E-03	-279.5228E-03
-237.7500E-03	-279.5228E-03
-237.5000E-03	-304.6484E-03
-237.2500E-03	-606.1559E-03
-237.0000E-03	-279.5228E-03
-236.7500E-03	-279.5228E-03
-236.5000E-03	-279.5228E-03
-236.2500E-03	-354.8997E-03
-236.0000E-03	-480.5278E-03
-235.7500E-03	-957.9147E-03
-235.5000E-03	-279.5228E-03
-235.2500E-03	+47.1104E-03
-235.0000E-03	-480.5278E-03
-234.7500E-03	-555.9047E-03
-234.5000E-03	-681.5328E-03
-234.2500E-03	-279.5228E-03
-234.0000E-03	-279.5228E-03
-233.7500E-03	-354.8997E-03
-233.5000E-03	-279.5228E-03
-233.2500E-03	-681.5328E-03
-233.0000E-03	-279.5228E-03
-232.7500E-03	-279.5228E-03
-232.5000E-03	-279.5228E-03
-232.2500E-03	-405.1509E-03
-232.0000E-03	-505.6534E-03
-231.7500E-03	-204.1459E-03
-231.5000E-03	-304.6484E-03
-231.2500E-03	-530.7791E-03
-231.0000E-03	-681.5328E-03
-230.7500E-03	-329.7740E-03
-230.5000E-03	-229.2715E-03
-230.2500E-03	-354.8997E-03
-230.0000E-03	-279.5228E-03
-229.7500E-03	+97.3616E-03
-229.5000E-03	-681.5328E-03
-229.2500E-03	-430.2765E-03
-229.0000E-03	-405.1509E-03
-228.7500E-03	-631.2816E-03
-228.5000E-03	-581.0303E-03
-228.2500E-03	-279.5228E-03
-228.0000E-03	-782.0353E-03
-227.7500E-03	-656.4072E-03
-227.5000E-03	-354.8997E-03
-227.2500E-03	-480.5278E-03
-227.0000E-03	-380.0253E-03
-226.7500E-03	-656.4072E-03
-226.5000E-03	-555.9047E-03
-226.2500E-03	-279.5228E-03
-226.0000E-03	-179.0203E-03
-225.7500E-03	-279.5228E-03
-225.5000E-03	-380.0253E-03
-225.2500E-03	-455.4022E-03
-225.0000E-03	-279.5228E-03
-224.7500E-03	-681.5328E-03
-224.5000E-03	-530.7791E-03
-224.2500E-03	-103.6434E-03
-224.0000E-03	-329.7740E-03
-223.7500E-03	-304.6484E-03
-223.5000E-03	-405.1509E-03
-223.2500E-03	-505.6534E-03
-223.0000E-03	-329.7740E-03
-222.7500E-03	-279.5228E-03
-222.5000E-03	-681.5328E-03
-222.2500E-03	-3.1409E-03
-222.0000E-03	+97.3616E-03
-221.7500E-03	-279.5228E-03
-221.5000E-03	-505.6534E-03
-221.2500E-03	-681.5328E-03
-221.0000E-03	-304.6484E-03
-220.7500E-03	-329.7740E-03
-220.5000E-03	-279.5228E-03
-220.2500E-03	-555.9047E-03
-220.0000E-03	-279.5228E-03
-219.7500E-03	-279.5228E-03
-219.5000E-03	-480.5278E-03
-219.2500E-03	-153.8946E-03
-219.0000E-03	-656.4072E-03
-218.7500E-03	-279.5228E-03
-218.5000E-03	-279.5228E-03
-218.2500E-03	-581.0303E-03
-218.0000E-03	-279.5228E-03
-217.7500E-03	-681.5328E-03
-217.5000E-03	-304.6484E-03
-217.2500E-03	-354.8997E-03
-217.0000E-03	-681.5328E-03
-216.7500E-03	-279.5228E-03
-216.5000E-03	-681.5328E-03
-216.2500E-03	-329.7740E-03
-216.0000E-03	-279.5228E-03
-215.7500E-03	-3.1409E-03
-215.5000E-03	-279.5228E-03
-215.2500E-03	-606.1559E-03
-215.0000E-03	-581.0303E-03
-214.7500E-03	-505.6534E-03
-214.5000E-03	-681.5328E-03
-214.2500E-03	-631.2816E-03
-214.0000E-03	-606.1559E-03
-213.7500E-03	-681.5328E-03
-213.5000E-03	-530.7791E-03
-213.2500E-03	-304.6484E-03
-213.0000E-03	-279.5228E-03
-212.7500E-03	-279.5228E-03
-212.5000E-03	-681.5328E-03
-212.2500E-03	-656.4072E-03
-212.0000E-03	-279.5228E-03
-211.7500E-03	-279.5228E-03
-211.5000E-03	-455.4022E-03
-211.2500E-03	-279.5228E-03
-211.0000E-03	-279.5228E-03
-210.7500E-03	-681.5328E-03
-210.5000E-03	-279.5228E-03
-210.2500E-03	-254.3971E-03
-210.0000E-03	-555.9047E-03
-209.7500E-03	-455.4022E-03
-209.5000E-03	-354.8997E-03
-209.2500E-03	-656.4072E-03
-209.0000E-03	-555.9047E-03
-208.7500E-03	-430.2765E-03
-208.5000E-03	-204.1459E-03
-208.2500E-03	-304.6484E-03
-208.0000E-03	+122.4873E-03
-207.7500E-03	-681.5328E-03
-207.5000E-03	-279.5228E-03
-207.2500E-03	+97.3616E-03
-207.0000E-03	-279.5228E-03
-206.7500E-03	-681.5328E-03
-206.5000E-03	-229.2715E-03
-206.2500E-03	+72.2360E-03
-206.0000E-03	-279.5228E-03
-205.7500E-03	-405.1509E-03
-205.5000E-03	-681.5328E-03
-205.2500E-03	+72.2360E-03
-205.0000E-03	-480.5278E-03
-204.7500E-03	-380.0253E-03
-204.5000E-03	-279.5228E-03
-204.2500E-03	-279.5228E-03
-204.0000E-03	-455.4022E-03
-203.7500E-03	-78.5177E-03
-203.5000E-03	-279.5228E-03
-203.2500E-03	-581.0303E-03
-203.0000E-03	-480.5278E-03
-202.7500E-03	-279.5228E-03
-202.5000E-03	-656.4072E-03
-202.2500E-03	-555.9047E-03
-202.0000E-03	-455.4022E-03
-201.7500E-03	-581.0303E-03
-201.5000E-03	-279.5228E-03
-201.2500E-03	-681.5328E-03
-201.0000E-03	-279.5228E-03
-200.7500E-03	-606.1559E-03
-200.5000E-03	-681.5328E-03
-200.2500E-03	-530.7791E-03
-200.0000E-03	-279.5228E-03
-199.7500E-03	-681.5328E-03
-199.5000E-03	-279.5228E-03
-199.2500E-03	-279.5228E-03
-199.0000E-03	-807.1610E-03
-198.7500E-03	-304.6484E-03
-198.5000E-03	-279.5228E-03
-198.2500E-03	-430.2765E-03
-198.0000E-03	-279.5228E-03
-197.7500E-03	-304.6484E-03
-197.5000E-03	-606.1559E-03
-197.2500E-03	-480.5278E-03
-197.0000E-03	-103.6434E-03
-196.7500E-03	-656.4072E-03
-196.5000E-03	+47.1104E-03
-196.2500E-03	-53.3921E-03
-196.0000E-03	-681.5328E-03
-195.7500E-03	-279.5228E-03
-195.5000E-03	-681.5328E-03
-195.2500E-03	-681.5328E-03
-195.0000E-03	-279.5228E-03
-194.7500E-03	-279.5228E-03
-194.5000E-03	-279.5228E-03
-194.2500E-03	-631.2816E-03
-194.0000E-03	-581.0303E-03
-193.7500E-03	-279.5228E-03
-193.5000E-03	-380.0253E-03
-193.2500E-03	-430.2765E-03
-193.0000E-03	-681.5328E-03
-192.7500E-03	-279.5228E-03
-192.5000E-03	-128.7690E-03
-192.2500E-03	-505.6534E-03
-192.0000E-03	-555.9047E-03
-191.7500E-03	-304.6484E-03
-191.5000E-03	-405.1509E-03
-191.2500E-03	-279.5228E-03
-191.0000E-03	-304.6484E-03
-190.7500E-03	-606.1559E-03
-190.5000E-03	-279.5228E-03
-190.2500E-03	-279.5228E-03
-190.0000E-03	-279.5228E-03
-189.7500E-03	-329.7740E-03
-189.5000E-03	-430.2765E-03
-189.2500E-03	-380.0253E-03
-189.0000E-03	+97.3616E-03
-188.7500E-03	-279.5228E-03
-188.5000E-03	-455.4022E-03
-188.2500E-03	-681.5328E-03
-188.0000E-03	-279.5228E-03
-187.7500E-03	+47.1104E-03
-187.5000E-03	-480.5278E-03
-187.2500E-03	-279.5228E-03
-187.0000E-03	-656.4072E-03
-186.7500E-03	-279.5228E-03
-186.5000E-03	-455.4022E-03
-186.2500E-03	-581.0303E-03
-186.0000E-03	-279.5228E-03
-185.7500E-03	-380.0253E-03
-185.5000E-03	-430.2765E-03
-185.2500E-03	-329.7740E-03
-185.0000E-03	-279.5228E-03
-184.7500E-03	-405.1509E-03
-184.5000E-03	-279.5228E-03
-184.2500E-03	-606.1559E-03
-184.0000E-03	-631.2816E-03
-183.7500E-03	-380.0253E-03
-183.5000E-03	-405.1509E-03
-183.2500E-03	-229.2715E-03
-183.0000E-03	-204.1459E-03
-182.7500E-03	-279.5228E-03
-182.5000E-03	-279.5228E-03
-182.2500E-03	+97.3616E-03
-182.0000E-03	-606.1559E-03
-181.7500E-03	-505.6534E-03
-181.5000E-03	-279.5228E-03
-181.2500E-03	-681.5328E-03
-181.0000E-03	+47.1104E-03
-180.7500E-03	-53.3921E-03
-180.5000E-03	-555.9047E-03
-180.2500E-03	-279.5228E-03
-180.0000E-03	-581.0303E-03
-179.7500E-03	-455.4022E-03
-179.5000E-03	-279.5228E-03
-179.2500E-03	-279.5228E-03
-179.0000E-03	-380.0253E-03
-178.7500E-03	-254.3971E-03
-178.5000E-03	-581.0303E-03
-178.2500E-03	-681.5328E-03
-178.0000E-03	-555.9047E-03
-177.7500E-03	-681.5328E-03
-177.5000E-03	-329.7740E-03
-177.2500E-03	-1.0332916E+00
-177.0000E-03	-681.5328E-03
-176.7500E-03	-279.5228E-03
-176.5000E-03	-681.5328E-03
-176.2500E-03	-304.6484E-03
-176.0000E-03	-279.5228E-03
-175.7500E-03	-530.7791E-03
-175.5000E-03	-631.2816E-03
-175.2500E-03	-279.5228E-03
-175.0000E-03	+122.4873E-03
-174.7500E-03	-279.5228E-03
-174.5000E-03	-631.2816E-03
-174.2500E-03	-279.5228E-03
-174.0000E-03	-279.5228E-03
-173.7500E-03	-681.5328E-03
-173.5000E-03	-279.5228E-03
-173.2500E-03	-681.5328E-03
-173.0000E-03	-53.3921E-03
-172.7500E-03	-681.5328E-03
-172.5000E-03	-279.5228E-03
-172.2500E-03	-581.0303E-03
-172.0000E-03	-455.4022E-03
-171.7500E-03	-581.0303E-03
-171.5000E-03	-279.5228E-03
-171.2500E-03	-279.5228E-03
-171.0000E-03	-455.4022E-03
-170.7500E-03	-354.8997E-03
-170.5000E-03	-279.5228E-03
-170.2500E-03	-555.9047E-03
-170.0000E-03	-480.5278E-03
-169.7500E-03	-279.5228E-03
-169.5000E-03	-681.5328E-03
-169.2500E-03	-405.1509E-03
-169.0000E-03	-505.6534E-03
-168.7500E-03	-279.5228E-03
-168.5000E-03	-631.2816E-03
-168.2500E-03	-279.5228E-03
-168.0000E-03	-505.6534E-03
-167.7500E-03	-304.6484E-03
-167.5000E-03	-279.5228E-03
-167.2500E-03	-430.2765E-03
-167.0000E-03	-530.7791E-03
-166.7500E-03	-1.0081660E+00
-166.5000E-03	-681.5328E-03
-166.2500E-03	-505.6534E-03
-166.0000E-03	-279.5228E-03
-165.7500E-03	-656.4072E-03
-165.5000E-03	-581.0303E-03
-165.2500E-03	-53.3921E-03
-165.0000E-03	-279.5228E-03
-164.7500E-03	-656.4072E-03
-164.5000E-03	-681.5328E-03
-164.2500E-03	-279.5228E-03
-164.0000E-03	-279.5228E-03
-163.7500E-03	-279.5228E-03
-163.5000E-03	-279.5228E-03
-163.2500E-03	-681.5328E-03
-163.0000E-03	-279.5228E-03
-162.7500E-03	-279.5228E-03
-162.5000E-03	-681.5328E-03
-162.2500E-03	-279.5228E-03
-162.0000E-03	-329.7740E-03
-161.7500E-03	-681.5328E-03
-161.5000E-03	-279.5228E-03
-161.2500E-03	-279.5228E-03
-161.0000E-03	-279.5228E-03
-160.7500E-03	-279.5228E-03
-160.5000E-03	-279.5228E-03
-160.2500E-03	-430.2765E-03
-160.0000E-03	-304.6484E-03
-159.7500E-03	-279.5228E-03
-159.5000E-03	-430.2765E-03
-159.2500E-03	-279.5228E-03
-159.0000E-03	-631.2816E-03
-158.7500E-03	-329.7740E-03
-158.5000E-03	-430.2765E-03
-158.2500E-03	-279.5228E-03
-158.0000E-03	-279.5228E-03
-157.7500E-03	-354.8997E-03
-157.5000E-03	-455.4022E-03
-157.2500E-03	-380.0253E-03
-157.0000E-03	-279.5228E-03
-156.7500E-03	-53.3921E-03
-156.5000E-03	-480.5278E-03
-156.2500E-03	-581.0303E-03
-156.0000E-03	-656.4072E-03
-155.7500E-03	-279.5228E-03
-155.5000E-03	-882.5379E-03
-155.2500E-03	-681.5328E-03
-155.0000E-03	-656.4072E-03
-154.7500E-03	-380.0253E-03
-154.5000E-03	-480.5278E-03
-154.2500E-03	-606.1559E-03
-154.0000E-03	-681.5328E-03
-153.7500E-03	-279.5228E-03
-153.5000E-03	-279.5228E-03
-153.2500E-03	-329.7740E-03
-153.0000E-03	-681.5328E-03
-152.7500E-03	-530.7791E-03
-152.5000E-03	-279.5228E-03
-152.2500E-03	-304.6484E-03
-152.0000E-03	-279.5228E-03
-151.7500E-03	-279.5228E-03
-151.5000E-03	-530.7791E-03
-151.2500E-03	-279.5228E-03
-151.0000E-03	-606.1559E-03
-150.7500E-03	-279.5228E-03
-150.5000E-03	-405.1509E-03
-150.2500E-03	-279.5228E-03
-150.0000E-03	-581.0303E-03
-149.7500E-03	-279.5228E-03
-149.5000E-03	-555.9047E-03
-149.2500E-03	-681.5328E-03
-149.0000E-03	-279.5228E-03
-148.7500E-03	-455.4022E-03
-148.5000E-03	-153.8946E-03
-148.2500E-03	-279.5228E-03
-148.0000E-03	-555.9047E-03
-147.7500E-03	-279.5228E-03
-147.5000E-03	-581.0303E-03
-147.2500E-03	-279.5228E-03
-147.0000E-03	-153.8946E-03
-146.7500E-03	-681.5328E-03
-146.5000E-03	-279.5228E-03
-146.2500E-03	-279.5228E-03
-146.0000E-03	-279.5228E-03
-145.7500E-03	-430.2765E-03
-145.5000E-03	-279.5228E-03
-145.2500E-03	-279.5228E-03
-145.0000E-03	-405.1509E-03
-144.7500E-03	-505.6534E-03
-144.5000E-03	-631.2816E-03
-144.2500E-03	-279.5228E-03
-144.0000E-03	-279.5228E-03
-143.7500E-03	-279.5228E-03
-143.5000E-03	-681.5328E-03
-143.2500E-03	-204.1459E-03
-143.0000E-03	-279.5228E-03
-142.7500E-03	-681.5328E-03
-142.5000E-03	-279.5228E-03
-142.2500E-03	-581.0303E-03
-142.0000E-03	-480.5278E-03
-141.7500E-03	-555.9047E-03
-141.5000E-03	-681.5328E-03
-141.2500E-03	-581.0303E-03
-141.0000E-03	-480.5278E-03
-140.7500E-03	-380.0253E-03
-140.5000E-03	-279.5228E-03
-140.2500E-03	-279.5228E-03
-140.0000E-03	-279.5228E-03
-139.7500E-03	-354.8997E-03
-139.5000E-03	-254.3971E-03
-139.2500E-03	-555.9047E-03
-139.0000E-03	-455.4022E-03
-138.7500E-03	-279.5228E-03
-138.5000E-03	-631.2816E-03
-138.2500E-03	-279.5228E-03
-138.0000E-03	-430.2765E-03
-137.7500E-03	-606.1559E-03
-137.5000E-03	-279.5228E-03
-137.2500E-03	-681.5328E-03
-137.0000E-03	-681.5328E-03
-136.7500E-03	-279.5228E-03
-136.5000E-03	-279.5228E-03
-136.2500E-03	-279.5228E-03
-136.0000E-03	-681.5328E-03
-135.7500E-03	+97.3616E-03
-135.5000E-03	-279.5228E-03
-135.2500E-03	-430.2765E-03
-135.0000E-03	-681.5328E-03
-134.7500E-03	-656.4072E-03
-134.5000E-03	-354.8997E-03
-134.2500E-03	-455.4022E-03
-134.0000E-03	-279.5228E-03
-133.7500E-03	-279.5228E-03
-133.5000E-03	-581.0303E-03
-133.2500E-03	-455.4022E-03
-133.0000E-03	-279.5228E-03
-132.7500E-03	-279.5228E-03
-132.5000E-03	-555.9047E-03
-132.2500E-03	-279.5228E-03
-132.0000E-03	-581.0303E-03
-131.7500E-03	-656.4072E-03
-131.5000E-03	-555.9047E-03
-131.2500E-03	-53.3921E-03
-131.0000E-03	-279.5228E-03
-130.7500E-03	-279.5228E-03
-130.5000E-03	-405.1509E-03
-130.2500E-03	-279.5228E-03
-130.0000E-03	-681.5328E-03
-129.7500E-03	-279.5228E-03
-129.5000E-03	-405.1509E-03
-129.2500E-03	-505.6534E-03
-129.0000E-03	-279.5228E-03
-128.7500E-03	-279.5228E-03
-128.5000E-03	-681.5328E-03
-128.2500E-03	-279.5228E-03
-128.0000E-03	-681.5328E-03
-127.7500E-03	-279.5228E-03
-127.5000E-03	-279.5228E-03
-127.2500E-03	-405.1509E-03
-127.0000E-03	-681.5328E-03
-126.7500E-03	-581.0303E-03
-126.5000E-03	-681.5328E-03
-126.2500E-03	-681.5328E-03
-126.0000E-03	-279.5228E-03
-125.7500E-03	-354.8997E-03
-125.5000E-03	-279.5228E-03
-125.2500E-03	-455.4022E-03
-125.0000E-03	-681.5328E-03
-124.7500E-03	-279.5228E-03
-124.5000E-03	-455.4022E-03
-124.2500E-03	-354.8997E-03
-124.0000E-03	-279.5228E-03
-123.7500E-03	-279.5228E-03
-123.5000E-03	-681.5328E-03
-123.2500E-03	-279.5228E-03
-123.0000E-03	-229.2715E-03
-122.7500E-03	-681.5328E-03
-122.5000E-03	-279.5228E-03
-122.2500E-03	-204.1459E-03
-122.0000E-03	-304.6484E-03
-121.7500E-03	-279.5228E-03
-121.5000E-03	-681.5328E-03
-121.2500E-03	-606.1559E-03
-121.0000E-03	-279.5228E-03
-120.7500E-03	-279.5228E-03
-120.5000E-03	-681.5328E-03
-120.2500E-03	+97.3616E-03
-120.0000E-03	-279.5228E-03
-119.7500E-03	-681.5328E-03
-119.5000E-03	-530.7791E-03
-119.2500E-03	-279.5228E-03
-119.0000E-03	-279.5228E-03
-118.7500E-03	-480.5278E-03
-118.5000E-03	-279.5228E-03
-118.2500E-03	-279.5228E-03
-118.0000E-03	-279.5228E-03
-117.7500E-03	-279.5228E-03
-117.5000E-03	-279.5228E-03
-117.2500E-03	-279.5228E-03
-117.0000E-03	-279.5228E-03
-116.7500E-03	-656.4072E-03
-116.5000E-03	-279.5228E-03
-116.2500E-03	-681.5328E-03
-116.0000E-03	-279.5228E-03
-115.7500E-03	-480.5278E-03
-115.5000E-03	-279.5228E-03
-115.2500E-03	-681.5328E-03
-115.0000E-03	-279.5228E-03
-114.7500E-03	-279.5228E-03
-114.5000E-03	-530.7791E-03
-114.2500E-03	-983.0404E-03
-114.0000E-03	-279.5228E-03
-113.7500E-03	-505.6534E-03
-113.5000E-03	+72.2360E-03
-113.2500E-03	-606.1559E-03
-113.0000E-03	-279.5228E-03
-112.7500E-03	-405.1509E-03
-112.5000E-03	-304.6484E-03
-112.2500E-03	-329.7740E-03
-112.0000E-03	-505.6534E-03
-111.7500E-03	-405.1509E-03
-111.5000E-03	-279.5228E-03
-111.2500E-03	-354.8997E-03
-111.0000E-03	-279.5228E-03
-110.7500E-03	+122.4873E-03
-110.5000E-03	-279.5228E-03
-110.2500E-03	-279.5228E-03
-110.0000E-03	-455.4022E-03
-109.7500E-03	-279.5228E-03
-109.5000E-03	-656.4072E-03
-109.2500E-03	-279.5228E-03
-109.0000E-03	-480.5278E-03
-108.7500E-03	-354.8997E-03
-108.5000E-03	-656.4072E-03
-108.2500E-03	-28.2665E-03
-108.0000E-03	-279.5228E-03
-107.7500E-03	-354.8997E-03
-107.5000E-03	-279.5228E-03
-107.2500E-03	-279.5228E-03
-107.0000E-03	-329.7740E-03
-106.7500E-03	-279.5228E-03
-106.5000E-03	-681.5328E-03
-106.2500E-03	-279.5228E-03
-106.0000E-03	-279.5228E-03
-105.7500E-03	-555.9047E-03
-105.5000E-03	+97.3616E-03
-105.2500E-03	-28.2665E-03
-105.0000E-03	-555.9047E-03
-104.7500E-03	-681.5328E-03
-104.5000E-03	-329.7740E-03
-104.2500E-03	-430.2765E-03
-104.0000E-03	-405.1509E-03
-103.7500E-03	+97.3616E-03
-103.5000E-03	-581.0303E-03
-103.2500E-03	-681.5328E-03
-103.0000E-03	+21.9848E-03
-102.7500E-03	-279.5228E-03
-102.5000E-03	-179.0203E-03
-102.2500E-03	-681.5328E-03
-102.0000E-03	-380.0253E-03
-101.7500E-03	-656.4072E-03
-101.5000E-03	-380.0253E-03
-101.2500E-03	-455.4022E-03
-101.0000E-03	-581.0303E-03
-100.7500E-03	-279.5228E-03
-100.5000E-03	-430.2765E-03
-100.2500E-03	-53.3921E-03
-100.0000E-03	-681.5328E-03
-99.7500E-03	-279.5228E-03
-99.5000E-03	-3.1409E-03
-99.2500E-03	-430.2765E-03
-99.0000E-03	+72.2360E-03
-98.7500E-03	-279.5228E-03
-98.5000E-03	-681.5328E-03
-98.2500E-03	-103.6434E-03
-98.0000E-03	-329.7740E-03
-97.7500E-03	-631.2816E-03
-97.5000E-03	-681.5328E-03
-97.2500E-03	-279.5228E-03
-97.0000E-03	-631.2816E-03
-96.7500E-03	-329.7740E-03
-96.5000E-03	-505.6534E-03
-96.2500E-03	-3.1409E-03
-96.0000E-03	-279.5228E-03
-95.7500E-03	-279.5228E-03
-95.5000E-03	-279.5228E-03
-95.2500E-03	-279.5228E-03
-95.0000E-03	+122.4873E-03
-94.7500E-03	-279.5228E-03
-94.5000E-03	-279.5228E-03
-94.2500E-03	-555.9047E-03
-94.0000E-03	-279.5228E-03
-93.7500E-03	-279.5228E-03
-93.5000E-03	-279.5228E-03
-93.2500E-03	-581.0303E-03
-93.0000E-03	-279.5228E-03
-92.7500E-03	-681.5328E-03
-92.5000E-03	-480.5278E-03
-92.2500E-03	-581.0303E-03
-92.0000E-03	-279.5228E-03
-91.7500E-03	-530.7791E-03
-91.5000E-03	-505.6534E-03
-91.2500E-03	-204.1459E-03
-91.0000E-03	-279.5228E-03
-90.7500E-03	-530.7791E-03
-90.5000E-03	-505.6534E-03
-90.2500E-03	-204.1459E-03
-90.0000E-03	-681.5328E-03
-89.7500E-03	-430.2765E-03
-89.5000E-03	-279.5228E-03
-89.2500E-03	+47.1104E-03
-89.0000E-03	-329.7740E-03
-88.7500E-03	-681.5328E-03
-88.5000E-03	-279.5228E-03
-88.2500E-03	-606.1559E-03
-88.0000E-03	-606.1559E-03
-87.7500E-03	-681.5328E-03
-87.5000E-03	-279.5228E-03
-87.2500E-03	-279.5228E-03
-87.0000E-03	-581.0303E-03
-86.7500E-03	-279.5228E-03
-86.5000E-03	-380.0253E-03
-86.2500E-03	-681.5328E-03
-86.0000E-03	-279.5228E-03
-85.7500E-03	-480.5278E-03
-85.5000E-03	-681.5328E-03
-85.2500E-03	-279.5228E-03
-85.0000E-03	-279.5228E-03
-84.7500E-03	-681.5328E-03
-84.5000E-03	-681.5328E-03
-84.2500E-03	-681.5328E-03
-84.0000E-03	-128.7690E-03
-83.7500E-03	-681.5328E-03
-83.5000E-03	-279.5228E-03
-83.2500E-03	-681.5328E-03
-83.0000E-03	-279.5228E-03
-82.7500E-03	-179.0203E-03
-82.5000E-03	-606.1559E-03
-82.2500E-03	-631.2816E-03
-82.0000E-03	-505.6534E-03
-81.7500E-03	-530.7791E-03
-81.5000E-03	-229.2715E-03
-81.2500E-03	-681.5328E-03
-81.0000E-03	-681.5328E-03
-80.7500E-03	-530.7791E-03
-80.5000E-03	-229.2715E-03
-80.2500E-03	-204.1459E-03
-80.0000E-03	-480.5278E-03
-79.7500E-03	+21.9848E-03
-79.5000E-03	-681.5328E-03
-79.2500E-03	-581.0303E-03
-79.0000E-03	-681.5328E-03
-78.7500E-03	-681.5328E-03
-78.5000E-03	-279.5228E-03
-78.2500E-03	-354.8997E-03
-78.0000E-03	-279.5228E-03
-77.7500E-03	-681.5328E-03
-77.5000E-03	-279.5228E-03
-77.2500E-03	-279.5228E-03
-77.0000E-03	-455.4022E-03
-76.7500E-03	-354.8997E-03
-76.5000E-03	-656.4072E-03
-76.2500E-03	-279.5228E-03
-76.0000E-03	-681.5328E-03
-75.7500E-03	-681.5328E-03
-75.5000E-03	-279.5228E-03
-75.2500E-03	-405.1509E-03
-75.0000E-03	-279.5228E-03
-74.7500E-03	-681.5328E-03
-74.5000E-03	-304.6484E-03
-74.2500E-03	-681.5328E-03
-74.0000E-03	-405.1509E-03
-73.7500E-03	-279.5228E-03
-73.5000E-03	-555.9047E-03
-73.2500E-03	-28.2665E-03
-73.0000E-03	-279.5228E-03
-72.7500E-03	-279.5228E-03
-72.5000E-03	-606.1559E-03
-72.2500E-03	-53.3921E-03
-72.0000E-03	-380.0253E-03
-71.7500E-03	-631.2816E-03
-71.5000E-03	-681.5328E-03
-71.2500E-03	-455.4022E-03
-71.0000E-03	-279.5228E-03
-70.7500E-03	+122.4873E-03
-70.5000E-03	-354.8997E-03
-70.2500E-03	-78.5177E-03
-70.0000E-03	-581.0303E-03
-69.7500E-03	-279.5228E-03
-69.5000E-03	-279.5228E-03
-69.2500E-03	-279.5228E-03
-69.0000E-03	-279.5228E-03
-68.7500E-03	-279.5228E-03
-68.5000E-03	-555.9047E-03
-68.2500E-03	-430.2765E-03
-68.0000E-03	-606.1559E-03
-67.7500E-03	-279.5228E-03
-67.5000E-03	-530.7791E-03
-67.2500E-03	-279.5228E-03
-67.0000E-03	-606.1559E-03
-66.7500E-03	-631.2816E-03
-66.5000E-03	-405.1509E-03
-66.2500E-03	-3.1409E-03
-66.0000E-03	-631.2816E-03
-65.7500E-03	-606.1559E-03
-65.5000E-03	-505.6534E-03
-65.2500E-03	-405.1509E-03
-65.0000E-03	-681.5328E-03
-64.7500E-03	-606.1559E-03
-64.5000E-03	-681.5328E-03
-64.2500E-03	-103.6434E-03
-64.0000E-03	-656.4072E-03
-63.7500E-03	-354.8997E-03
-63.5000E-03	-279.5228E-03
-63.2500E-03	-380.0253E-03
-63.0000E-03	-279.5228E-03
-62.7500E-03	-681.5328E-03
-62.5000E-03	-681.5328E-03
-62.2500E-03	-455.4022E-03
-62.0000E-03	-279.5228E-03
-61.7500E-03	-681.5328E-03
-61.5000E-03	-78.5177E-03
-61.2500E-03	-279.5228E-03
-61.0000E-03	-279.5228E-03
-60.7500E-03	-555.9047E-03
-60.5000E-03	-279.5228E-03
-60.2500E-03	-329.7740E-03
-60.0000E-03	-304.6484E-03
-59.7500E-03	-681.5328E-03
-59.5000E-03	-681.5328E-03
-59.2500E-03	-204.1459E-03
-59.0000E-03	-631.2816E-03
-58.7500E-03	-279.5228E-03
-58.5000E-03	-405.1509E-03
-58.2500E-03	-279.5228E-03
-58.0000E-03	-279.5228E-03
-57.7500E-03	-430.2765E-03
-57.5000E-03	-405.1509E-03
-57.2500E-03	-304.6484E-03
-57.0000E-03	-3.1409E-03
-56.7500E-03	-430.2765E-03
-56.5000E-03	-279.5228E-03
-56.2500E-03	-656.4072E-03
-56.0000E-03	-581.0303E-03
-55.7500E-03	-681.5328E-03
-55.5000E-03	-380.0253E-03
-55.2500E-03	-656.4072E-03
-55.0000E-03	-581.0303E-03
-54.7500E-03	-254.3971E-03
-54.5000E-03	-279.5228E-03
-54.2500E-03	-681.5328E-03
-54.0000E-03	-555.9047E-03
-53.7500E-03	-279.5228E-03
-53.5000E-03	-279.5228E-03
-53.2500E-03	-656.4072E-03
-53.0000E-03	-555.9047E-03
-52.7500E-03	-681.5328E-03
-52.5000E-03	-329.7740E-03
-52.2500E-03	-681.5328E-03
-52.0000E-03	-530.7791E-03
-51.7500E-03	-505.6534E-03
-51.5000E-03	-204.1459E-03
-51.2500E-03	-279.5228E-03
-51.0000E-03	-279.5228E-03
-50.7500E-03	-279.5228E-03
-50.5000E-03	-631.2816E-03
-50.2500E-03	-681.5328E-03
-50.0000E-03	-430.2765E-03
-49.7500E-03	-3.1409E-03
-49.5000E-03	-279.5228E-03
-49.2500E-03	-279.5228E-03
-49.0000E-03	-329.7740E-03
-48.7500E-03	-555.9047E-03
-48.5000E-03	-304.6484E-03
-48.2500E-03	-279.5228E-03
-48.0000E-03	-279.5228E-03
-47.7500E-03	-555.9047E-03
-47.5000E-03	-656.4072E-03
-47.2500E-03	-480.5278E-03
-47.0000E-03	-455.4022E-03
-46.7500E-03	-354.8997E-03
-46.5000E-03	-279.5228E-03
-46.2500E-03	-279.5228E-03
-46.0000E-03	-279.5228E-03
-45.7500E-03	-279.5228E-03
-45.5000E-03	-279.5228E-03
-45.2500E-03	-279.5228E-03
-45.0000E-03	-480.5278E-03
-44.7500E-03	-279.5228E-03
-44.5000E-03	-279.5228E-03
-44.2500E-03	-530.7791E-03
-44.0000E-03	-681.5328E-03
-43.7500E-03	-329.7740E-03
-43.5000E-03	-631.2816E-03
-43.2500E-03	-530.7791E-03
-43.0000E-03	-279.5228E-03
-42.7500E-03	-279.5228E-03
-42.5000E-03	-279.5228E-03
-42.2500E-03	-505.6534E-03
-42.0000E-03	-530.7791E-03
-41.7500E-03	-279.5228E-03
-41.5000E-03	-1.0081660E+00
-41.2500E-03	-430.2765E-03
-41.0000E-03	-279.5228E-03
-40.7500E-03	-279.5228E-03
-40.5000E-03	-279.5228E-03
-40.2500E-03	-480.5278E-03
-40.0000E-03	-555.9047E-03
-39.7500E-03	-656.4072E-03
-39.5000E-03	-279.5228E-03
-39.2500E-03	-681.5328E-03
-39.0000E-03	-581.0303E-03
-38.7500E-03	-279.5228E-03
-38.5000E-03	-555.9047E-03
-38.2500E-03	-279.5228E-03
-38.0000E-03	-681.5328E-03
-37.7500E-03	-254.3971E-03
-37.5000E-03	-555.9047E-03
-37.2500E-03	-455.4022E-03
-37.0000E-03	-279.5228E-03
-36.7500E-03	-279.5228E-03
-36.5000E-03	-279.5228E-03
-36.2500E-03	-681.5328E-03
-36.0000E-03	-555.9047E-03
-35.7500E-03	-631.2816E-03
-35.5000E-03	-405.1509E-03
-35.2500E-03	-681.5328E-03
-35.0000E-03	-279.5228E-03
-34.7500E-03	-279.5228E-03
-34.5000E-03	-832.2866E-03
-34.2500E-03	-279.5228E-03
-34.0000E-03	-279.5228E-03
-33.7500E-03	-329.7740E-03
-33.5000E-03	-279.5228E-03
-33.2500E-03	-530.7791E-03
-33.0000E-03	-279.5228E-03
-32.7500E-03	-681.5328E-03
-32.5000E-03	-279.5228E-03
-32.2500E-03	-380.0253E-03
-32.0000E-03	-656.4072E-03
-31.7500E-03	-581.0303E-03
-31.5000E-03	-53.3921E-03
-31.2500E-03	-581.0303E-03
-31.0000E-03	-681.5328E-03
-30.7500E-03	-380.0253E-03
-30.5000E-03	-480.5278E-03
-30.2500E-03	-430.2765E-03
-30.0000E-03	-681.5328E-03
-29.7500E-03	-555.9047E-03
-29.5000E-03	-455.4022E-03
-29.2500E-03	+72.2360E-03
-29.0000E-03	-631.2816E-03
-28.7500E-03	-405.1509E-03
-28.5000E-03	-907.6635E-03
-28.2500E-03	-279.5228E-03
-28.0000E-03	-631.2816E-03
-27.7500E-03	-405.1509E-03
-27.5000E-03	-430.2765E-03
-27.2500E-03	-631.2816E-03
-27.0000E-03	-606.1559E-03
-26.7500E-03	-279.5228E-03
-26.5000E-03	-530.7791E-03
-26.2500E-03	-279.5228E-03
-26.0000E-03	+72.2360E-03
-25.7500E-03	-279.5228E-03
-25.5000E-03	-405.1509E-03
-25.2500E-03	-656.4072E-03
-25.0000E-03	-279.5228E-03
-24.7500E-03	-279.5228E-03
-24.5000E-03	-153.8946E-03
-24.2500E-03	+122.4873E-03
-24.0000E-03	-581.0303E-03
-23.7500E-03	-279.5228E-03
-23.5000E-03	-279.5228E-03
-23.2500E-03	-279.5228E-03
-23.0000E-03	-555.9047E-03
-22.7500E-03	-279.5228E-03
-22.5000E-03	-279.5228E-03
-22.2500E-03	-279.5228E-03
-22.0000E-03	-279.5228E-03
-21.7500E-03	-279.5228E-03
-21.5000E-03	-606.1559E-03
-21.2500E-03	-606.1559E-03
-21.0000E-03	-405.1509E-03
-20.7500E-03	-681.5328E-03
-20.5000E-03	-279.5228E-03
-20.2500E-03	-229.2715E-03
-20.0000E-03	-530.7791E-03
-19.7500E-03	-279.5228E-03
-19.5000E-03	-279.5228E-03
-19.2500E-03	-279.5228E-03
-19.0000E-03	-430.2765E-03
-18.7500E-03	-279.5228E-03
-18.5000E-03	-279.5228E-03
-18.2500E-03	-329.7740E-03
-18.0000E-03	-279.5228E-03
-17.7500E-03	-681.5328E-03
-17.5000E-03	-681.5328E-03
-17.2500E-03	-581.0303E-03
-17.0000E-03	-279.5228E-03
-16.7500E-03	-279.5228E-03
-16.5000E-03	-656.4072E-03
-16.2500E-03	-681.5328E-03
-16.0000E-03	-279.5228E-03
-15.7500E-03	-380.0253E-03
-15.5000E-03	-254.3971E-03
-15.2500E-03	-380.0253E-03
-15.0000E-03	-480.5278E-03
-14.7500E-03	-354.8997E-03
-14.5000E-03	-279.5228E-03
-14.2500E-03	-279.5228E-03
-14.0000E-03	-78.5177E-03
-13.7500E-03	-354.8997E-03
-13.5000E-03	-279.5228E-03
-13.2500E-03	-681.5328E-03
-13.0000E-03	-505.6534E-03
-12.7500E-03	-681.5328E-03
-12.5000E-03	-304.6484E-03
-12.2500E-03	-681.5328E-03
-12.0000E-03	-430.2765E-03
-11.7500E-03	+21.9848E-03
-11.5000E-03	-204.1459E-03
-11.2500E-03	-279.5228E-03
-11.0000E-03	-128.7690E-03
-10.7500E-03	-681.5328E-03
-10.5000E-03	+122.4873E-03
-10.2500E-03	-329.7740E-03
-10.0000E-03	-279.5228E-03
-9.7500E-03	-279.5228E-03
-9.5000E-03	-279.5228E-03
-9.2500E-03	-455.4022E-03
-9.0000E-03	-103.6434E-03
-8.7500E-03	-279.5228E-03
-8.5000E-03	-354.8997E-03
-8.2500E-03	-681.5328E-03
-8.0000E-03	-279.5228E-03
-7.7500E-03	-681.5328E-03
-7.5000E-03	-681.5328E-03
-7.2500E-03	-480.5278E-03
-7.0000E-03	-279.5228E-03
-6.7500E-03	-279.5228E-03
-6.5000E-03	-681.5328E-03
-6.2500E-03	-279.5228E-03
-6.0000E-03	-354.8997E-03
-5.7500E-03	-304.6484E-03
-5.5000E-03	-279.5228E-03
-5.2500E-03	-430.2765E-03
-5.0000E-03	-405.1509E-03
-4.7500E-03	-304.6484E-03
-4.5000E-03	-279.5228E-03
-4.2500E-03	-279.5228E-03
-4.0000E-03	-681.5328E-03
-3.7500E-03	-681.5328E-03
-3.5000E-03	-505.6534E-03
-3.2500E-03	-530.7791E-03
-3.0000E-03	-631.2816E-03
-2.7500E-03	-681.5328E-03
-2.5000E-03	-204.1459E-03
-2.2500E-03	-279.5228E-03
-2.0000E-03	-631.2816E-03
-1.7500E-03	-581.0303E-03
-1.5000E-03	-681.5328E-03
-1.2500E-03	+775.7536E-03
-1.0000E-03	+2.5345476E+00
-750.0E-06	+5.6752511E+00
-500.0E-06	+10.3988693E+00
-250.0E-06	+17.0069095E+00
+0.0E+00	+22.6350503E+00
+250.0E-06	+24.3435930E+00
+500.0E-06	+24.2430905E+00
+750.0E-06	+23.4390704E+00
+1.0000E-03	+22.2330402E+00
+1.2500E-03	+21.4290201E+00
+1.5000E-03	+20.0219849E+00
+1.7500E-03	+19.8209799E+00
+2.0000E-03	+18.6652010E+00
+2.2500E-03	+17.6853015E+00
+2.5000E-03	+15.9767588E+00
+2.7500E-03	+15.3486180E+00
+3.0000E-03	+14.1928391E+00
+3.2500E-03	+13.2631909E+00
+3.5000E-03	+12.7606783E+00
+3.7500E-03	+11.7807788E+00
+4.0000E-03	+11.3285175E+00
+4.2500E-03	+11.2280150E+00
+4.5000E-03	+10.5747487E+00
+4.7500E-03	+10.1727386E+00
+5.0000E-03	+9.7204773E+00
+5.2500E-03	+9.3687185E+00
+5.5000E-03	+8.8410803E+00
+5.7500E-03	+8.2380652E+00
+6.0000E-03	+8.4893215E+00
+6.2500E-03	+8.1626883E+00
+6.5000E-03	+7.7606783E+00
+6.7500E-03	+7.3586682E+00
+7.0000E-03	+6.9566582E+00
+7.2500E-03	+6.9566582E+00
+7.5000E-03	+6.8561557E+00
+7.7500E-03	+6.5797738E+00
+8.0000E-03	+6.1526381E+00
+8.2500E-03	+6.3787687E+00
+8.5000E-03	+6.0772612E+00
+8.7500E-03	+6.1526381E+00
+9.0000E-03	+5.7506280E+00
+9.2500E-03	+5.5496230E+00
+9.5000E-03	+5.3486180E+00
+9.7500E-03	+4.9466079E+00
+10.0000E-03	+5.0973617E+00
+10.2500E-03	+5.1978642E+00
+10.5000E-03	+4.6199747E+00
+10.7500E-03	+4.5445979E+00
+11.0000E-03	+4.6953516E+00
+11.2500E-03	+4.3184672E+00
+11.5000E-03	+4.2179647E+00
+11.7500E-03	+4.8461054E+00
+12.0000E-03	+4.3938441E+00
+12.2500E-03	+4.5445979E+00
+12.5000E-03	+4.1425878E+00
+12.7500E-03	+3.8159546E+00
+13.0000E-03	+3.9164572E+00
+13.2500E-03	+3.7405778E+00
+13.5000E-03	+3.7405778E+00
+13.7500E-03	+3.6652009E+00
+14.0000E-03	+3.7405778E+00
+14.2500E-03	+3.3385677E+00
+14.5000E-03	+3.7657034E+00
+14.7500E-03	+4.0672109E+00
+15.0000E-03	+3.5646984E+00
+15.2500E-03	+3.7405778E+00
+15.5000E-03	+3.7405778E+00
+15.7500E-03	+3.8662059E+00
+16.0000E-03	+3.7405778E+00
+16.2500E-03	+3.8410803E+00
+16.5000E-03	+4.5445979E+00
+16.7500E-03	+4.1425878E+00
+17.0000E-03	+4.3687185E+00
+17.2500E-03	+3.9164572E+00
+17.5000E-03	+4.1677134E+00
+17.7500E-03	+4.1425878E+00
+18.0000E-03	+4.3184672E+00
+18.2500E-03	+4.2179647E+00
+18.5000E-03	+4.5948491E+00
+18.7500E-03	+4.1425878E+00
+19.0000E-03	+4.5445979E+00
+19.2500E-03	+4.2179647E+00
+19.5000E-03	+4.5194722E+00
+19.7500E-03	+4.3938441E+00
+20.0000E-03	+4.4189697E+00
+20.2500E-03	+4.5194722E+00
+20.5000E-03	+4.1425878E+00
+20.7500E-03	+4.5445979E+00
+21.0000E-03	+4.1425878E+00
+21.2500E-03	+4.1425878E+00
+21.5000E-03	+3.8410803E+00
+21.7500E-03	+4.1425878E+00
+22.0000E-03	+3.9164572E+00
+22.2500E-03	+3.3636933E+00
+22.5000E-03	+4.0672109E+00
+22.7500E-03	+3.1626883E+00
+23.0000E-03	+3.4641958E+00
+23.2500E-03	+2.9616833E+00
+23.5000E-03	+3.2380652E+00
+23.7500E-03	+3.3385677E+00
+24.0000E-03	+3.2631908E+00
+24.2500E-03	+2.5596732E+00
+24.5000E-03	+2.4340451E+00
+24.7500E-03	+2.1325375E+00
+25.0000E-03	+2.1325375E+00
+25.2500E-03	+2.5345476E+00
+25.5000E-03	+2.2832913E+00
+25.7500E-03	+2.1325375E+00
+26.0000E-03	+1.7305275E+00
+26.2500E-03	+2.1325375E+00
+26.5000E-03	+1.8561556E+00
+26.7500E-03	+1.5797737E+00
+27.0000E-03	+1.7305275E+00
+27.2500E-03	+1.7054019E+00
+27.5000E-03	+1.3285174E+00
+27.7500E-03	+1.3285174E+00
+28.0000E-03	+976.7586E-03
+28.2500E-03	+1.3285174E+00
+28.5000E-03	+1.1777637E+00
+28.7500E-03	+926.5074E-03
+29.0000E-03	+524.4973E-03
+29.2500E-03	+876.2561E-03
+29.5000E-03	+750.6280E-03
+29.7500E-03	+650.1255E-03
+30.0000E-03	+926.5074E-03
+30.2500E-03	+122.4873E-03
+30.5000E-03	+725.5024E-03
+30.7500E-03	+122.4873E-03
+31.0000E-03	+122.4873E-03
+31.2500E-03	+423.9948E-03
+31.5000E-03	+524.4973E-03
+31.7500E-03	+524.4973E-03
+32.0000E-03	+122.4873E-03
+32.2500E-03	+298.3667E-03
+32.5000E-03	-53.3921E-03
+32.7500E-03	+524.4973E-03
+33.0000E-03	-254.3971E-03
+33.2500E-03	-3.1409E-03
+33.5000E-03	+373.7436E-03
+33.7500E-03	-279.5228E-03
+34.0000E-03	-279.5228E-03
+34.2500E-03	-279.5228E-03
+34.5000E-03	-28.2665E-03
+34.7500E-03	-204.1459E-03
+35.0000E-03	-279.5228E-03
+35.2500E-03	-28.2665E-03
+35.5000E-03	-279.5228E-03
+35.7500E-03	-279.5228E-03
+36.0000E-03	-279.5228E-03
+36.2500E-03	-279.5228E-03
+36.5000E-03	-405.1509E-03
+36.7500E-03	-279.5228E-03
+37.0000E-03	-329.7740E-03
+37.2500E-03	-279.5228E-03
+37.5000E-03	-555.9047E-03
+37.7500E-03	-656.4072E-03
+38.0000E-03	-279.5228E-03
+38.2500E-03	-681.5328E-03
+38.5000E-03	-957.9147E-03
+38.7500E-03	-279.5228E-03
+39.0000E-03	-681.5328E-03
+39.2500E-03	-681.5328E-03
+39.5000E-03	-756.9097E-03
+39.7500E-03	-681.5328E-03
+40.0000E-03	-681.5328E-03
+40.2500E-03	-681.5328E-03
+40.5000E-03	-681.5328E-03
+40.7500E-03	-681.5328E-03
+41.0000E-03	-932.7891E-03
+41.2500E-03	-681.5328E-03
+41.5000E-03	-606.1559E-03
+41.7500E-03	-706.6585E-03
+42.0000E-03	-555.9047E-03
+42.2500E-03	-1.0835429E+00
+42.5000E-03	-681.5328E-03
+42.7500E-03	-706.6585E-03
+43.0000E-03	-832.2866E-03
+43.2500E-03	-681.5328E-03
+43.5000E-03	-706.6585E-03
+43.7500E-03	-1.0081660E+00
+44.0000E-03	-1.1337941E+00
+44.2500E-03	-681.5328E-03
+44.5000E-03	-706.6585E-03
+44.7500E-03	-1.1337941E+00
+45.0000E-03	-1.0835429E+00
+45.2500E-03	-1.0835429E+00
+45.5000E-03	-681.5328E-03
+45.7500E-03	-1.0835429E+00
+46.0000E-03	-1.0835429E+00
+46.2500E-03	-782.0353E-03
+46.5000E-03	-1.0584173E+00
+46.7500E-03	-1.0835429E+00
+47.0000E-03	-1.2845479E+00
+47.2500E-03	-1.0835429E+00
+47.5000E-03	-1.0835429E+00
+47.7500E-03	-1.3599248E+00
+48.0000E-03	-1.0835429E+00
+48.2500E-03	-1.0835429E+00
+48.5000E-03	-1.0584173E+00
+48.7500E-03	-1.0835429E+00
+49.0000E-03	-1.0835429E+00
+49.2500E-03	-1.0081660E+00
+49.5000E-03	-1.0835429E+00
+49.7500E-03	-1.3347992E+00
+50.0000E-03	-1.2342967E+00
+50.2500E-03	-1.3599248E+00
+50.5000E-03	-1.4353017E+00
+50.7500E-03	-1.3347992E+00
+51.0000E-03	-1.3347992E+00
+51.2500E-03	-1.3850504E+00
+51.5000E-03	-1.0835429E+00
+51.7500E-03	-1.0835429E+00
+52.0000E-03	-807.1610E-03
+52.2500E-03	-1.1086685E+00
+52.5000E-03	-1.4101761E+00
+52.7500E-03	-1.2594223E+00
+53.0000E-03	-907.6635E-03
+53.2500E-03	-1.1086685E+00
+53.5000E-03	-1.0835429E+00
+53.7500E-03	-1.0835429E+00
+54.0000E-03	-1.3599248E+00
+54.2500E-03	-1.0835429E+00
+54.5000E-03	-1.0835429E+00
+54.7500E-03	-1.4855529E+00
+55.0000E-03	-1.0835429E+00
+55.2500E-03	-1.4604273E+00
+55.5000E-03	-1.7619348E+00
+55.7500E-03	-1.0835429E+00
+56.0000E-03	-1.0835429E+00
+56.2500E-03	-1.8373117E+00
+56.5000E-03	-1.1840454E+00
+56.7500E-03	-1.0835429E+00
+57.0000E-03	-1.4101761E+00
+57.2500E-03	-1.4855529E+00
+57.5000E-03	-1.2091710E+00
+57.7500E-03	-1.1589198E+00
+58.0000E-03	-1.4855529E+00
+58.2500E-03	-1.4353017E+00
+58.5000E-03	-1.0835429E+00
+58.7500E-03	-1.3347992E+00
+59.0000E-03	-1.4353017E+00
+59.2500E-03	-1.4855529E+00
+59.5000E-03	-1.0835429E+00
+59.7500E-03	-1.6111811E+00
+60.0000E-03	-1.4353017E+00
+60.2500E-03	-731.7841E-03
+60.5000E-03	-832.2866E-03
+60.7500E-03	-1.0835429E+00
+61.0000E-03	-1.0835429E+00
+61.2500E-03	-983.0404E-03
+61.5000E-03	-1.0584173E+00
+61.7500E-03	-1.0835429E+00
+62.0000E-03	-1.4604273E+00
+62.2500E-03	-1.2594223E+00
+62.5000E-03	-1.0835429E+00
+62.7500E-03	-1.4855529E+00
+63.0000E-03	-1.0835429E+00
+63.2500E-03	-957.9147E-03
+63.5000E-03	-1.0835429E+00
+63.7500E-03	-1.0835429E+00
+64.0000E-03	-1.0835429E+00
+64.2500E-03	-907.6635E-03
+64.5000E-03	-1.0835429E+00
+64.7500E-03	-1.0835429E+00
+65.0000E-03	-1.4353017E+00
+65.2500E-03	-1.2091710E+00
+65.5000E-03	-1.2342967E+00
+65.7500E-03	-1.4101761E+00
+66.0000E-03	-1.4855529E+00
+66.2500E-03	-1.3347992E+00
+66.5000E-03	-1.0835429E+00
+66.7500E-03	-1.0835429E+00
+67.0000E-03	-1.7619348E+00
+67.2500E-03	-1.2342967E+00
+67.5000E-03	-1.3347992E+00
+67.7500E-03	-706.6585E-03
+68.0000E-03	-1.0835429E+00
+68.2500E-03	-1.3096735E+00
+68.5000E-03	-1.0835429E+00
+68.7500E-03	-681.5328E-03
+69.0000E-03	-1.0835429E+00
+69.2500E-03	-1.4855529E+00
+69.5000E-03	-1.0835429E+00
+69.7500E-03	-1.0835429E+00
+70.0000E-03	-1.0835429E+00
+70.2500E-03	-1.2845479E+00
+70.5000E-03	-1.0835429E+00
+70.7500E-03	-1.8624374E+00
+71.0000E-03	-1.4855529E+00
+71.2500E-03	-1.0835429E+00
+71.5000E-03	-983.0404E-03
+71.7500E-03	-1.4855529E+00
+72.0000E-03	-1.0835429E+00
+72.2500E-03	-1.0835429E+00
+72.5000E-03	-1.1337941E+00
+72.7500E-03	-1.1086685E+00
+73.0000E-03	-1.4855529E+00
+73.2500E-03	-1.4855529E+00
+73.5000E-03	-1.0835429E+00
+73.7500E-03	-1.4353017E+00
+74.0000E-03	-1.0835429E+00
+74.2500E-03	-1.3347992E+00
+74.5000E-03	-1.4353017E+00
+74.7500E-03	-1.1337941E+00
+75.0000E-03	-1.0835429E+00
+75.2500E-03	-1.4855529E+00
+75.5000E-03	-1.1086685E+00
+75.7500E-03	-1.0835429E+00
+76.0000E-03	-1.0835429E+00
+76.2500E-03	-1.1840454E+00
+76.5000E-03	-1.0835429E+00
+76.7500E-03	-1.1589198E+00
+77.0000E-03	-1.2845479E+00
+77.2500E-03	-1.3599248E+00
+77.5000E-03	-1.0835429E+00
+77.7500E-03	-1.1589198E+00
+78.0000E-03	-1.2845479E+00
+78.2500E-03	-1.7870605E+00
+78.5000E-03	-1.0835429E+00
+78.7500E-03	-1.3599248E+00
+79.0000E-03	-1.0835429E+00
+79.2500E-03	-1.1589198E+00
+79.5000E-03	-1.0835429E+00
+79.7500E-03	-1.3599248E+00
+80.0000E-03	-1.0835429E+00
+80.2500E-03	-1.0081660E+00
+80.5000E-03	-1.0835429E+00
+80.7500E-03	-1.0835429E+00
+81.0000E-03	-1.4855529E+00
+81.2500E-03	-1.1337941E+00
+81.5000E-03	-1.0835429E+00
+81.7500E-03	-1.4855529E+00
+82.0000E-03	-1.0835429E+00
+82.2500E-03	-1.0835429E+00
+82.5000E-03	-1.4855529E+00
+82.7500E-03	-1.0835429E+00
+83.0000E-03	-1.3347992E+00
+83.2500E-03	-1.4353017E+00
+83.5000E-03	-1.0835429E+00
+83.7500E-03	-1.3096735E+00
+84.0000E-03	-1.0835429E+00
+84.2500E-03	-1.4604273E+00
+84.5000E-03	-1.3850504E+00
+84.7500E-03	-1.2845479E+00
+85.0000E-03	-1.0835429E+00
+85.2500E-03	-1.0835429E+00
+85.5000E-03	-1.4855529E+00
+85.7500E-03	-1.0835429E+00
+86.0000E-03	-1.3850504E+00
+86.2500E-03	-1.0835429E+00
+86.5000E-03	-1.4855529E+00
+86.7500E-03	-1.2594223E+00
+87.0000E-03	-1.4855529E+00
+87.2500E-03	-1.0835429E+00
+87.5000E-03	-1.3599248E+00
+87.7500E-03	-882.5379E-03
+88.0000E-03	-1.4101761E+00
+88.2500E-03	-1.0332916E+00
+88.5000E-03	-932.7891E-03
+88.7500E-03	-1.0835429E+00
+89.0000E-03	-1.0081660E+00
+89.2500E-03	-1.0835429E+00
+89.5000E-03	-1.0835429E+00
+89.7500E-03	-1.2342967E+00
+90.0000E-03	-1.1086685E+00
+90.2500E-03	-1.4101761E+00
+90.5000E-03	-907.6635E-03
+90.7500E-03	-1.0835429E+00
+91.0000E-03	-1.1086685E+00
+91.2500E-03	-731.7841E-03
+91.5000E-03	-1.4855529E+00
+91.7500E-03	-1.2091710E+00
+92.0000E-03	-1.4855529E+00
+92.2500E-03	-1.1589198E+00
+92.5000E-03	-1.0835429E+00
+92.7500E-03	-1.1840454E+00
+93.0000E-03	-1.0835429E+00
+93.2500E-03	-1.0835429E+00
+93.5000E-03	-1.2594223E+00
+93.7500E-03	-1.4855529E+00
+94.0000E-03	-1.0835429E+00
+94.2500E-03	-1.3599248E+00
+94.5000E-03	-1.0835429E+00
+94.7500E-03	-1.1589198E+00
+95.0000E-03	-1.4604273E+00
+95.2500E-03	-782.0353E-03
+95.5000E-03	-1.2594223E+00
+95.7500E-03	-1.5358042E+00
+96.0000E-03	-1.0835429E+00
+96.2500E-03	-1.0835429E+00
+96.5000E-03	-1.0835429E+00
+96.7500E-03	-1.1337941E+00
+97.0000E-03	-1.1086685E+00
+97.2500E-03	-1.2091710E+00
+97.5000E-03	-1.0835429E+00
+97.7500E-03	-1.4855529E+00
+98.0000E-03	-1.1337941E+00
+98.2500E-03	-1.3096735E+00
+98.5000E-03	-1.2091710E+00
+98.7500E-03	-1.4353017E+00
+99.0000E-03	-1.1337941E+00
+99.2500E-03	-1.2342967E+00
+99.5000E-03	-1.0835429E+00
+99.7500E-03	-1.0835429E+00
+100.0000E-03	-1.1589198E+00
+100.2500E-03	-1.2845479E+00
+100.5000E-03	-1.0835429E+00
+100.7500E-03	-1.0835429E+00
+101.0000E-03	-1.3850504E+00
+101.2500E-03	-1.2845479E+00
+101.5000E-03	-1.3599248E+00
+101.7500E-03	-1.0835429E+00
+102.0000E-03	-1.0835429E+00
+102.2500E-03	-1.2845479E+00
+102.5000E-03	-1.0835429E+00
+102.7500E-03	-1.4604273E+00
+103.0000E-03	-1.0835429E+00
+103.2500E-03	-1.4855529E+00
+103.5000E-03	-1.4101761E+00
+103.7500E-03	-1.4855529E+00
+104.0000E-03	-932.7891E-03
+104.2500E-03	-1.3096735E+00
+104.5000E-03	-1.4101761E+00
+104.7500E-03	-1.0835429E+00
+105.0000E-03	-1.3347992E+00
+105.2500E-03	-1.0835429E+00
+105.5000E-03	-1.0835429E+00
+105.7500E-03	-1.1337941E+00
+106.0000E-03	-1.4855529E+00
+106.2500E-03	-1.2091710E+00
+106.5000E-03	-1.1337941E+00
+106.7500E-03	-807.1610E-03
+107.0000E-03	-1.2342967E+00
+107.2500E-03	-1.0835429E+00
+107.5000E-03	-1.0835429E+00
+107.7500E-03	-1.0835429E+00
+108.0000E-03	-1.0835429E+00
+108.2500E-03	-1.0835429E+00
+108.5000E-03	-1.4604273E+00
+108.7500E-03	-1.4855529E+00
+109.0000E-03	-882.5379E-03
+109.2500E-03	-1.3599248E+00
+109.5000E-03	-1.0835429E+00
+109.7500E-03	-1.0835429E+00
+110.0000E-03	-1.0835429E+00
+110.2500E-03	-983.0404E-03
+110.5000E-03	-1.4604273E+00
+110.7500E-03	-1.3599248E+00
+111.0000E-03	-1.4855529E+00
+111.2500E-03	-756.9097E-03
+111.5000E-03	-1.0835429E+00
+111.7500E-03	-1.0835429E+00
+112.0000E-03	-1.2342967E+00
+112.2500E-03	-1.4101761E+00
+112.5000E-03	-1.4353017E+00
+112.7500E-03	-1.3347992E+00
+113.0000E-03	-1.0835429E+00
+113.2500E-03	-1.4353017E+00
+113.5000E-03	-1.4101761E+00
+113.7500E-03	-1.3096735E+00
+114.0000E-03	-1.0835429E+00
+114.2500E-03	-1.0835429E+00
+114.5000E-03	-1.0835429E+00
+114.7500E-03	-1.0081660E+00
+115.0000E-03	-1.2091710E+00
+115.2500E-03	-1.4604273E+00
+115.5000E-03	-1.0835429E+00
+115.7500E-03	-1.0835429E+00
+116.0000E-03	-1.0835429E+00
+116.2500E-03	-1.0835429E+00
+116.5000E-03	-1.4855529E+00
+116.7500E-03	-1.2594223E+00
+117.0000E-03	-1.0835429E+00
+117.2500E-03	-1.0835429E+00
+117.5000E-03	-1.0835429E+00
+117.7500E-03	-1.2594223E+00
+118.0000E-03	-756.9097E-03
+118.2500E-03	-1.0835429E+00
+118.5000E-03	-1.4855529E+00
+118.7500E-03	-1.0835429E+00
+119.0000E-03	-1.1589198E+00
+119.2500E-03	-1.0835429E+00
+119.5000E-03	-1.2091710E+00
+119.7500E-03	-1.3096735E+00
+120.0000E-03	-1.1337941E+00
+120.2500E-03	-1.4855529E+00
+120.5000E-03	-1.0835429E+00
+120.7500E-03	-1.1589198E+00
+121.0000E-03	-1.0081660E+00
+121.2500E-03	-1.0835429E+00
+121.5000E-03	-1.0835429E+00
+121.7500E-03	-1.2091710E+00
+122.0000E-03	-1.0835429E+00
+122.2500E-03	-1.4101761E+00
+122.5000E-03	-1.4855529E+00
+122.7500E-03	-1.3347992E+00
+123.0000E-03	-1.0835429E+00
+123.2500E-03	-1.1589198E+00
+123.5000E-03	-1.0835429E+00
+123.7500E-03	-1.0835429E+00
+124.0000E-03	-1.4855529E+00
+124.2500E-03	-1.0835429E+00
+124.5000E-03	-1.2594223E+00
+124.7500E-03	-1.3599248E+00
+125.0000E-03	-1.0835429E+00
+125.2500E-03	-1.1840454E+00
+125.5000E-03	-1.2594223E+00
+125.7500E-03	-1.0835429E+00
+126.0000E-03	-1.4855529E+00
+126.2500E-03	-1.4855529E+00
+126.5000E-03	-1.0835429E+00
+126.7500E-03	-832.2866E-03
+127.0000E-03	-1.0835429E+00
+127.2500E-03	-1.0835429E+00
+127.5000E-03	-1.0835429E+00
+127.7500E-03	-1.0081660E+00
+128.0000E-03	-1.1086685E+00
+128.2500E-03	-1.2091710E+00
+128.5000E-03	-1.0835429E+00
+128.7500E-03	-1.0835429E+00
+129.0000E-03	-1.4101761E+00
+129.2500E-03	-1.0835429E+00
+129.5000E-03	-807.1610E-03
+129.7500E-03	-1.0835429E+00
+130.0000E-03	-1.0835429E+00
+130.2500E-03	-907.6635E-03
+130.5000E-03	-1.0835429E+00
+130.7500E-03	-1.1086685E+00
+131.0000E-03	-983.0404E-03
+131.2500E-03	-1.2594223E+00
+131.5000E-03	-1.3599248E+00
+131.7500E-03	-1.0835429E+00
+132.0000E-03	-1.3850504E+00
+132.2500E-03	-1.0835429E+00
+132.5000E-03	-782.0353E-03
+132.7500E-03	-1.0835429E+00
+133.0000E-03	-1.0835429E+00
+133.2500E-03	-1.2594223E+00
+133.5000E-03	-1.0835429E+00
+133.7500E-03	-1.0835429E+00
+134.0000E-03	-782.0353E-03
+134.2500E-03	-1.0835429E+00
+134.5000E-03	-1.4855529E+00
+134.7500E-03	-731.7841E-03
+135.0000E-03	-1.0835429E+00
+135.2500E-03	-1.3096735E+00
+135.5000E-03	-1.1337941E+00
+135.7500E-03	-1.0835429E+00
+136.0000E-03	-1.2091710E+00
+136.2500E-03	-1.2342967E+00
+136.5000E-03	-1.0835429E+00
+136.7500E-03	-1.0835429E+00
+137.0000E-03	-983.0404E-03
+137.2500E-03	-807.1610E-03
+137.5000E-03	-1.1086685E+00
+137.7500E-03	-1.4855529E+00
+138.0000E-03	-1.0835429E+00
+138.2500E-03	-1.3347992E+00
+138.5000E-03	-1.0332916E+00
+138.7500E-03	-1.3096735E+00
+139.0000E-03	-1.0835429E+00
+139.2500E-03	-1.1840454E+00
+139.5000E-03	-1.0584173E+00
+139.7500E-03	-1.3850504E+00
+140.0000E-03	-1.4604273E+00
+140.2500E-03	-1.3599248E+00
+140.5000E-03	-1.0835429E+00
+140.7500E-03	-957.9147E-03
+141.0000E-03	-1.2594223E+00
+141.2500E-03	-1.0835429E+00
+141.5000E-03	-1.0835429E+00
+141.7500E-03	-1.0835429E+00
+142.0000E-03	-1.2845479E+00
+142.2500E-03	-1.0835429E+00
+142.5000E-03	-681.5328E-03
+142.7500E-03	-1.0835429E+00
+143.0000E-03	-1.4855529E+00
+143.2500E-03	-1.1337941E+00
+143.5000E-03	-1.4101761E+00
+143.7500E-03	-1.0835429E+00
+144.0000E-03	-1.2342967E+00
+144.2500E-03	-1.1337941E+00
+144.5000E-03	-1.1337941E+00
+144.7500E-03	-1.1589198E+00
+145.0000E-03	-1.0835429E+00
+145.2500E-03	-1.0332916E+00
+145.5000E-03	-1.0081660E+00
+145.7500E-03	-1.0835429E+00
+146.0000E-03	-932.7891E-03
+146.2500E-03	-1.0835429E+00
+146.5000E-03	-1.1589198E+00
+146.7500E-03	-1.0835429E+00
+147.0000E-03	-1.0835429E+00
+147.2500E-03	-681.5328E-03
+147.5000E-03	-1.0835429E+00
+147.7500E-03	-1.2845479E+00
+148.0000E-03	-1.3599248E+00
+148.2500E-03	-1.0835429E+00
+148.5000E-03	-782.0353E-03
+148.7500E-03	-1.0835429E+00
+149.0000E-03	-1.1589198E+00
+149.2500E-03	-1.0835429E+00
+149.5000E-03	-1.0835429E+00
+149.7500E-03	-1.2594223E+00
+150.0000E-03	-1.0835429E+00
+150.2500E-03	-1.0835429E+00
+150.5000E-03	-1.2091710E+00
+150.7500E-03	-1.0835429E+00
+151.0000E-03	-1.0835429E+00
+151.2500E-03	-706.6585E-03
+151.5000E-03	-1.0835429E+00
+151.7500E-03	-1.0835429E+00
+152.0000E-03	-1.4101761E+00
+152.2500E-03	-1.0835429E+00
+152.5000E-03	-832.2866E-03
+152.7500E-03	-1.3347992E+00
+153.0000E-03	-1.4353017E+00
+153.2500E-03	-1.0835429E+00
+153.5000E-03	-832.2866E-03
+153.7500E-03	-1.2091710E+00
+154.0000E-03	-1.0835429E+00
+154.2500E-03	-1.0835429E+00
+154.5000E-03	-857.4122E-03
+154.7500E-03	-1.1840454E+00
+155.0000E-03	-1.0835429E+00
+155.2500E-03	-1.0835429E+00
+155.5000E-03	-1.0835429E+00
+155.7500E-03	-1.3599248E+00
+156.0000E-03	-1.4604273E+00
+156.2500E-03	-782.0353E-03
+156.5000E-03	-882.5379E-03
+156.7500E-03	-1.0835429E+00
+157.0000E-03	-1.0584173E+00
+157.2500E-03	-1.4855529E+00
+157.5000E-03	-1.1086685E+00
+157.7500E-03	-983.0404E-03
+158.0000E-03	-681.5328E-03
+158.2500E-03	-1.2091710E+00
+158.5000E-03	-1.0835429E+00
+158.7500E-03	-1.0081660E+00
+159.0000E-03	-1.0835429E+00
+159.2500E-03	-1.0835429E+00
+159.5000E-03	-907.6635E-03
+159.7500E-03	-1.1337941E+00
+160.0000E-03	-1.0835429E+00
+160.2500E-03	-1.0835429E+00
+160.5000E-03	-932.7891E-03
+160.7500E-03	-1.4353017E+00
+161.0000E-03	-1.0835429E+00
+161.2500E-03	-1.0081660E+00
+161.5000E-03	-1.0835429E+00
+161.7500E-03	-1.1086685E+00
+162.0000E-03	-731.7841E-03
+162.2500E-03	-1.2594223E+00
+162.5000E-03	-1.0835429E+00
+162.7500E-03	-1.0835429E+00
+163.0000E-03	-1.0835429E+00
+163.2500E-03	-1.0835429E+00
+163.5000E-03	-782.0353E-03
+163.7500E-03	-1.0835429E+00
+164.0000E-03	-983.0404E-03
+164.2500E-03	-1.0835429E+00
+164.5000E-03	-756.9097E-03
+164.7500E-03	-1.0584173E+00
+165.0000E-03	-1.0835429E+00
+165.2500E-03	-1.0835429E+00
+165.5000E-03	-756.9097E-03
+165.7500E-03	-1.0835429E+00
+166.0000E-03	-807.1610E-03
+166.2500E-03	-907.6635E-03
+166.5000E-03	-731.7841E-03
+166.7500E-03	-1.0332916E+00
+167.0000E-03	-807.1610E-03
+167.2500E-03	-1.0835429E+00
+167.5000E-03	-1.0835429E+00
+167.7500E-03	-706.6585E-03
+168.0000E-03	-1.1589198E+00
+168.2500E-03	-1.2091710E+00
+168.5000E-03	-1.1086685E+00
+168.7500E-03	-731.7841E-03
+169.0000E-03	-907.6635E-03
+169.2500E-03	-1.2091710E+00
+169.5000E-03	-1.4855529E+00
+169.7500E-03	-1.0835429E+00
+170.0000E-03	-1.2594223E+00
+170.2500E-03	-1.1840454E+00
+170.5000E-03	-1.0835429E+00
+170.7500E-03	-756.9097E-03
+171.0000E-03	-857.4122E-03
+171.2500E-03	-1.3599248E+00
+171.5000E-03	-681.5328E-03
+171.7500E-03	-756.9097E-03
+172.0000E-03	-882.5379E-03
+172.2500E-03	-1.1589198E+00
+172.5000E-03	-1.0835429E+00
+172.7500E-03	-1.3599248E+00
+173.0000E-03	-1.2594223E+00
+173.2500E-03	-1.3850504E+00
+173.5000E-03	-1.0835429E+00
+173.7500E-03	-1.0835429E+00
+174.0000E-03	-1.3096735E+00
+174.2500E-03	-1.0835429E+00
+174.5000E-03	-706.6585E-03
+174.7500E-03	-932.7891E-03
+175.0000E-03	-1.0835429E+00
+175.2500E-03	-1.3599248E+00
+175.5000E-03	-1.0835429E+00
+175.7500E-03	-1.0835429E+00
+176.0000E-03	-807.1610E-03
+176.2500E-03	-1.3850504E+00
+176.5000E-03	-1.0081660E+00
+176.7500E-03	-1.0081660E+00
+177.0000E-03	-1.3347992E+00
+177.2500E-03	-1.0835429E+00
+177.5000E-03	-1.0835429E+00
+177.7500E-03	-882.5379E-03
+178.0000E-03	-1.4855529E+00
+178.2500E-03	-681.5328E-03
+178.5000E-03	-983.0404E-03
+178.7500E-03	-1.0835429E+00
+179.0000E-03	-957.9147E-03
+179.2500E-03	-1.0584173E+00
+179.5000E-03	-1.3850504E+00
+179.7500E-03	-1.0835429E+00
+180.0000E-03	-983.0404E-03
+180.2500E-03	-1.0584173E+00
+180.5000E-03	-1.0835429E+00
+180.7500E-03	-1.0835429E+00
+181.0000E-03	-983.0404E-03
+181.2500E-03	-1.0835429E+00
+181.5000E-03	-1.0835429E+00
+181.7500E-03	-832.2866E-03
+182.0000E-03	-1.0835429E+00
+182.2500E-03	-1.0332916E+00
+182.5000E-03	-807.1610E-03
+182.7500E-03	-1.0835429E+00
+183.0000E-03	-1.0835429E+00
+183.2500E-03	-1.0835429E+00
+183.5000E-03	-1.2091710E+00
+183.7500E-03	-1.1840454E+00
+184.0000E-03	-706.6585E-03
+184.2500E-03	-1.0835429E+00
+184.5000E-03	-832.2866E-03
+184.7500E-03	-1.0835429E+00
+185.0000E-03	-1.0332916E+00
+185.2500E-03	-1.0081660E+00
+185.5000E-03	-1.1337941E+00
+185.7500E-03	-782.0353E-03
+186.0000E-03	-1.0584173E+00
+186.2500E-03	-983.0404E-03
+186.5000E-03	-1.0835429E+00
+186.7500E-03	-1.4855529E+00
+187.0000E-03	-1.0584173E+00
+187.2500E-03	-1.0835429E+00
+187.5000E-03	-1.2845479E+00
+187.7500E-03	-983.0404E-03
+188.0000E-03	-1.0584173E+00
+188.2500E-03	-1.0835429E+00
+188.5000E-03	-1.2845479E+00
+188.7500E-03	-1.0835429E+00
+189.0000E-03	-1.0835429E+00
+189.2500E-03	-1.0835429E+00
+189.5000E-03	-907.6635E-03
+189.7500E-03	-1.0835429E+00
+190.0000E-03	-1.0835429E+00
+190.2500E-03	-932.7891E-03
+190.5000E-03	-681.5328E-03
+190.7500E-03	-1.4101761E+00
+191.0000E-03	-681.5328E-03
+191.2500E-03	-932.7891E-03
+191.5000E-03	-1.0835429E+00
+191.7500E-03	-1.0835429E+00
+192.0000E-03	-1.0835429E+00
+192.2500E-03	-1.0835429E+00
+192.5000E-03	-1.0835429E+00
+192.7500E-03	-1.0835429E+00
+193.0000E-03	-731.7841E-03
+193.2500E-03	-832.2866E-03
+193.5000E-03	-1.0835429E+00
+193.7500E-03	-681.5328E-03
+194.0000E-03	-1.0835429E+00
+194.2500E-03	-1.0835429E+00
+194.5000E-03	-1.0835429E+00
+194.7500E-03	-1.0835429E+00
+195.0000E-03	-1.0835429E+00
+195.2500E-03	-1.4855529E+00
+195.5000E-03	-756.9097E-03
+195.7500E-03	-1.0835429E+00
+196.0000E-03	-1.0835429E+00
+196.2500E-03	-1.0835429E+00
+196.5000E-03	-1.0835429E+00
+196.7500E-03	-706.6585E-03
+197.0000E-03	-957.9147E-03
+197.2500E-03	-1.0081660E+00
+197.5000E-03	-1.0081660E+00
+197.7500E-03	-681.5328E-03
+198.0000E-03	-681.5328E-03
+198.2500E-03	-1.0835429E+00
+198.5000E-03	-1.0081660E+00
+198.7500E-03	-706.6585E-03
+199.0000E-03	-1.0835429E+00
+199.2500E-03	-1.0835429E+00
+199.5000E-03	-1.0332916E+00
+199.7500E-03	-1.0835429E+00
+200.0000E-03	-681.5328E-03
+200.2500E-03	-1.0835429E+00
+200.5000E-03	-1.0332916E+00
+200.7500E-03	-731.7841E-03
+201.0000E-03	-1.3096735E+00
+201.2500E-03	-957.9147E-03
+201.5000E-03	-1.0835429E+00
+201.7500E-03	-1.0835429E+00
+202.0000E-03	-1.0835429E+00
+202.2500E-03	-1.0835429E+00
+202.5000E-03	-1.4604273E+00
+202.7500E-03	-1.0835429E+00
+203.0000E-03	-1.0835429E+00
+203.2500E-03	-1.0835429E+00
+203.5000E-03	-1.0835429E+00
+203.7500E-03	-957.9147E-03
+204.0000E-03	-882.5379E-03
+204.2500E-03	-983.0404E-03
+204.5000E-03	-1.0835429E+00
+204.7500E-03	-1.0835429E+00
+205.0000E-03	-1.0835429E+00
+205.2500E-03	-1.0835429E+00
+205.5000E-03	-1.0835429E+00
+205.7500E-03	-1.0835429E+00
+206.0000E-03	-1.0835429E+00
+206.2500E-03	-1.0835429E+00
+206.5000E-03	-1.1086685E+00
+206.7500E-03	-932.7891E-03
+207.0000E-03	-807.1610E-03
+207.2500E-03	-1.1086685E+00
+207.5000E-03	-1.0835429E+00
+207.7500E-03	-1.0835429E+00
+208.0000E-03	-807.1610E-03
+208.2500E-03	-706.6585E-03
+208.5000E-03	-731.7841E-03
+208.7500E-03	-1.0835429E+00
+209.0000E-03	-1.4855529E+00
+209.2500E-03	-1.0835429E+00
+209.5000E-03	-1.1589198E+00
+209.7500E-03	-1.0835429E+00
+210.0000E-03	-681.5328E-03
+210.2500E-03	-681.5328E-03
+210.5000E-03	-756.9097E-03
+210.7500E-03	-1.0835429E+00
+211.0000E-03	-983.0404E-03
+211.2500E-03	-1.0835429E+00
+211.5000E-03	-1.0835429E+00
+211.7500E-03	-882.5379E-03
+212.0000E-03	-756.9097E-03
+212.2500E-03	-1.0835429E+00
+212.5000E-03	-1.0835429E+00
+212.7500E-03	-882.5379E-03
+213.0000E-03	-681.5328E-03
+213.2500E-03	-706.6585E-03
+213.5000E-03	-1.0835429E+00
+213.7500E-03	-1.0835429E+00
+214.0000E-03	-1.0081660E+00
+214.2500E-03	-1.1086685E+00
+214.5000E-03	-1.4855529E+00
+214.7500E-03	-1.2342967E+00
+215.0000E-03	-1.0835429E+00
+215.2500E-03	-1.0081660E+00
+215.5000E-03	-1.0835429E+00
+215.7500E-03	-932.7891E-03
+216.0000E-03	-706.6585E-03
+216.2500E-03	-1.0081660E+00
+216.5000E-03	-681.5328E-03
+216.7500E-03	-807.1610E-03
+217.0000E-03	-1.0835429E+00
+217.2500E-03	-983.0404E-03
+217.5000E-03	-882.5379E-03
+217.7500E-03	-681.5328E-03
+218.0000E-03	-1.0835429E+00
+218.2500E-03	-983.0404E-03
+218.5000E-03	-857.4122E-03
+218.7500E-03	-1.0835429E+00
+219.0000E-03	-1.0584173E+00
+219.2500E-03	-1.3599248E+00
+219.5000E-03	-1.0835429E+00
+219.7500E-03	-983.0404E-03
+220.0000E-03	-1.0584173E+00
+220.2500E-03	-681.5328E-03
+220.5000E-03	-681.5328E-03
+220.7500E-03	-1.0835429E+00
+221.0000E-03	-1.0835429E+00
+221.2500E-03	-681.5328E-03
+221.5000E-03	-1.0835429E+00
+221.7500E-03	-1.0835429E+00
+222.0000E-03	-1.0835429E+00
+222.2500E-03	-807.1610E-03
+222.5000E-03	-1.0835429E+00
+222.7500E-03	-706.6585E-03
+223.0000E-03	-681.5328E-03
+223.2500E-03	-1.0835429E+00
+223.5000E-03	-530.7791E-03
+223.7500E-03	-1.0835429E+00
+224.0000E-03	-681.5328E-03
+224.2500E-03	-1.0835429E+00
+224.5000E-03	-932.7891E-03
+224.7500E-03	-681.5328E-03
+225.0000E-03	-1.0835429E+00
+225.2500E-03	-1.0332916E+00
+225.5000E-03	-1.1840454E+00
+225.7500E-03	-681.5328E-03
+226.0000E-03	-983.0404E-03
+226.2500E-03	-857.4122E-03
+226.5000E-03	-957.9147E-03
+226.7500E-03	-1.0835429E+00
+227.0000E-03	-1.2594223E+00
+227.2500E-03	-882.5379E-03
+227.5000E-03	-983.0404E-03
+227.7500E-03	+97.3616E-03
+228.0000E-03	-681.5328E-03
+228.2500E-03	-857.4122E-03
+228.5000E-03	-1.4101761E+00
+228.7500E-03	-1.0835429E+00
+229.0000E-03	-1.0835429E+00
+229.2500E-03	-681.5328E-03
+229.5000E-03	-1.0081660E+00
+229.7500E-03	-1.0835429E+00
+230.0000E-03	-932.7891E-03
+230.2500E-03	-1.0835429E+00
+230.5000E-03	-681.5328E-03
+230.7500E-03	-1.0835429E+00
+231.0000E-03	-832.2866E-03
+231.2500E-03	-807.1610E-03
+231.5000E-03	-706.6585E-03
+231.7500E-03	-1.0835429E+00
+232.0000E-03	-832.2866E-03
+232.2500E-03	-807.1610E-03
+232.5000E-03	-681.5328E-03
+232.7500E-03	-983.0404E-03
+233.0000E-03	-1.0835429E+00
+233.2500E-03	-957.9147E-03
+233.5000E-03	-681.5328E-03
+233.7500E-03	-857.4122E-03
+234.0000E-03	-1.2594223E+00
+234.2500E-03	-1.0835429E+00
+234.5000E-03	-681.5328E-03
+234.7500E-03	-1.0835429E+00
+235.0000E-03	-882.5379E-03
+235.2500E-03	-681.5328E-03
+235.5000E-03	-1.0835429E+00
+235.7500E-03	-681.5328E-03
+236.0000E-03	-1.2594223E+00
+236.2500E-03	-983.0404E-03
+236.5000E-03	-1.0835429E+00
+236.7500E-03	-681.5328E-03
+237.0000E-03	-907.6635E-03
+237.2500E-03	-1.0081660E+00
+237.5000E-03	-1.0332916E+00
+237.7500E-03	-1.0835429E+00
+238.0000E-03	-907.6635E-03
+238.2500E-03	-681.5328E-03
+238.5000E-03	-1.0835429E+00
+238.7500E-03	-832.2866E-03
+239.0000E-03	-681.5328E-03
+239.2500E-03	-1.0332916E+00
+239.5000E-03	-731.7841E-03
+239.7500E-03	-832.2866E-03
+240.0000E-03	-1.0835429E+00
+240.2500E-03	-1.0835429E+00
+240.5000E-03	-681.5328E-03
+240.7500E-03	-681.5328E-03
+241.0000E-03	-1.0835429E+00
+241.2500E-03	-1.4855529E+00
+241.5000E-03	-681.5328E-03
+241.7500E-03	-1.0835429E+00
+242.0000E-03	-957.9147E-03
+242.2500E-03	-681.5328E-03
+242.5000E-03	-681.5328E-03
+242.7500E-03	-681.5328E-03
+243.0000E-03	-983.0404E-03
+243.2500E-03	-1.0835429E+00
+243.5000E-03	-681.5328E-03
+243.7500E-03	-882.5379E-03
+244.0000E-03	-1.0835429E+00
+244.2500E-03	-1.0332916E+00
+244.5000E-03	-1.0835429E+00
+244.7500E-03	-681.5328E-03
+245.0000E-03	-1.0835429E+00
+245.2500E-03	-681.5328E-03
+245.5000E-03	-932.7891E-03
+245.7500E-03	-907.6635E-03
+246.0000E-03	-731.7841E-03
+246.2500E-03	-1.0835429E+00
+246.5000E-03	-1.0835429E+00
+246.7500E-03	-1.0835429E+00
+247.0000E-03	-681.5328E-03
+247.2500E-03	-807.1610E-03
+247.5000E-03	-907.6635E-03
+247.7500E-03	-681.5328E-03
+248.0000E-03	-1.0835429E+00
+248.2500E-03	-1.0835429E+00
+248.5000E-03	-1.0835429E+00
+248.7500E-03	-957.9147E-03
+249.0000E-03	-1.4604273E+00
+249.2500E-03	-1.0835429E+00
+249.5000E-03	-681.5328E-03
+249.7500E-03	-681.5328E-03
