-1.00000004678	1.78141
-0.99900004678	1.76131
-0.99800004678	1.80151
-0.99700004678	1.82161
-0.99600004678	1.80151
-0.99500004678	1.82161
-0.99400004678	1.80151
-0.99300004678	1.78141
-0.99200004678	1.74121
-0.99100004678	1.72111
-0.99000004678	1.6809
-0.98900004678	1.6809
-0.98800004678	1.6608
-0.98700004678	1.6608
-0.98600004678	1.6608
-0.98500004678	1.6608
-0.98400004678	1.6407
-0.98300004678	1.6206
-0.98200004678	1.6407
-0.98100004678	1.6206
-0.98000004678	1.6005
-0.97900004678	1.6206
-0.97800004678	1.6206
-0.97700004678	1.6005
-0.97600004678	1.5603
-0.97500004678	1.6005
-0.97400004678	1.5804
-0.97300004678	1.5603
-0.97200004678	1.5603
-0.97100004678	1.5603
-0.97000004678	1.5402
-0.96900004678	1.5402
-0.96800004678	1.5603
-0.96700004678	1.5201
-0.96600004678	1.5402
-0.96500004678	1.5201
-0.96400004678	1.5201
-0.96300004678	1.4799
-0.96200004678	1.5402
-0.96100004678	1.5
-0.96000004678	1.4598
-0.95900004678	1.4598
-0.95800004678	1.4598
-0.95700004678	1.4598
-0.95600004678	1.4397
-0.95500004678	1.4598
-0.95400004678	1.4397
-0.95300004678	1.4196
-0.95200004678	1.4196
-0.95100004678	1.3794
-0.95000004678	1.3794
-0.94900004678	1.3995
-0.94800004678	1.3794
-0.94700004678	1.3794
-0.94600004678	1.3593
-0.94500004678	1.3794
-0.94400004678	1.3392
-0.94300004678	1.3392
-0.94200004678	1.3593
-0.94100004678	1.3392
-0.94000004678	1.3191
-0.93900004678	1.3191
-0.93800004678	1.299
-0.93700004678	1.299
-0.93600004678	1.27889
-0.93500004678	1.299
-0.93400004678	1.25879
-0.93300004678	1.23869
-0.93200004678	1.25879
-0.93100004678	1.25879
-0.93000004678	1.27889
-0.92900004678	1.23869
-0.92800004678	1.23869
-0.92700004678	1.23869
-0.92600004678	1.21859
-0.92500004678	1.21859
-0.92400004678	1.23869
-0.92300004678	1.21859
-0.92200004678	1.19849
-0.92100004678	1.19849
-0.92000004678	1.17839
-0.91900004678	1.17839
-0.91800004678	1.17839
-0.91700004678	1.17839
-0.91600004678	1.15829
-0.91500004678	1.15829
-0.91400004678	1.15829
-0.91300004678	1.15829
-0.91200004678	1.13819
-0.91100004678	1.15829
-0.91000004678	1.15829
-0.90900004678	1.11809
-0.90800004678	1.15829
-0.90700004678	1.11809
-0.90600004678	1.09799
-0.90500004678	1.09799
-0.90400004678	1.09799
-0.90300004678	1.09799
-0.90200004678	1.09799
-0.90100004678	1.07789
-0.90000004678	1.09799
-0.89900004678	1.09799
-0.89800004678	1.09799
-0.89700004678	1.07789
-0.89600004678	1.05779
-0.89500004678	1.07789
-0.89400004678	1.05779
-0.89300004678	1.07789
-0.89200004678	1.03769
-0.89100004678	1.05779
-0.89000004678	1.03769
-0.88900004678	1.05779
-0.88800004678	1.05779
-0.88700004678	1.05779
-0.88600004678	1.03769
-0.88500004678	1.01759
-0.88400004678	1.01759
-0.88300004678	1.03769
-0.88200004678	0.997487
-0.88100004678	0.997487
-0.88000004678	1.03769
-0.87900004678	1.01759
-0.87800004678	0.997487
-0.87700004678	0.997487
-0.87600004678	1.01759
-0.87500004678	0.997487
-0.87400004678	0.977387
-0.87300004678	0.997487
-0.87200004678	0.997487
-0.87100004678	0.997487
-0.87000004678	0.997487
-0.86900004678	0.957286
-0.86800004678	0.977387
-0.86700004678	0.957286
-0.86600004678	0.937186
-0.86500004678	0.977387
-0.86400004678	0.957286
-0.86300004678	0.957286
-0.86200004678	0.957286
-0.86100004678	0.997487
-0.86000004678	0.957286
-0.85900004678	0.937186
-0.85800004678	0.957286
-0.85700004678	0.957286
-0.85600004678	0.937186
-0.85500004678	1.80151
-0.85400004678	1.82161
-0.85300004678	1.82161
-0.85200004678	1.84171
-0.85100004678	1.86181
-0.85000004678	1.82161
-0.84900004678	1.82161
-0.84800004678	1.80151
-0.84700004678	1.82161
-0.84600004678	1.78141
-0.84500004678	1.82161
-0.84400004678	1.80151
-0.84300004678	1.80151
-0.84200004678	1.78141
-0.84100004678	1.82161
-0.84000004678	1.82161
-0.83900004678	1.80151
-0.83800004678	1.82161
-0.83700004678	1.82161
-0.83600004678	1.78141
-0.83500004678	1.82161
-0.83400004678	1.82161
-0.83300004678	1.82161
-0.83200004678	1.82161
-0.83100004678	1.82161
-0.83000004678	1.82161
-0.82900004678	1.84171
-0.82800004678	1.82161
-0.82700004678	1.82161
-0.82600004678	1.80151
-0.82500004678	1.82161
-0.82400004678	1.80151
-0.82300004678	1.80151
-0.82200004678	1.74121
-0.82100004678	1.72111
-0.82000004678	1.701
-0.81900004678	1.6608
-0.81800004678	1.6608
-0.81700004678	1.6608
-0.81600004678	1.6608
-0.81500004678	1.6608
-0.81400004678	1.6407
-0.81300004678	1.6608
-0.81200004678	1.80151
-0.81100004678	1.80151
-0.81000004678	1.86181
-0.80900004678	1.82161
-0.80800004678	1.82161
-0.80700004678	1.78141
-0.80600004678	1.78141
-0.80500004678	1.80151
-0.80400004678	1.82161
-0.80300004678	1.80151
-0.80200004678	1.80151
-0.80100004678	1.84171
-0.80000004678	1.84171
-0.79900004678	1.84171
-0.79800004678	1.82161
-0.79700004678	1.82161
-0.79600004678	1.80151
-0.79500004678	1.80151
-0.79400004678	1.78141
-0.79300004678	1.80151
-0.79200004678	1.82161
-0.79100004678	1.84171
-0.79000004678	1.84171
-0.78900004678	1.80151
-0.78800004678	1.82161
-0.78700004678	1.82161
-0.78600004678	1.80151
-0.78500004678	1.82161
-0.78400004678	1.84171
-0.78300004678	1.84171
-0.78200004678	1.82161
-0.78100004678	1.84171
-0.78000004678	1.84171
-0.77900004678	1.78141
-0.77800004678	1.80151
-0.77700004678	1.78141
-0.77600004678	1.82161
-0.77500004678	1.82161
-0.77400004678	1.78141
-0.77300004678	1.80151
-0.77200004678	1.80151
-0.77100004678	1.78141
-0.77000004678	1.80151
-0.76900004678	1.80151
-0.76800004678	1.78141
-0.76700004678	1.76131
-0.76600004678	1.72111
-0.76500004678	1.701
-0.76400004678	1.6809
-0.76300004678	1.6608
-0.76200004678	1.6608
-0.76100004678	1.6809
-0.76000004678	1.6407
-0.75900004678	1.6407
-0.75800004678	1.6407
-0.75700004678	1.6407
-0.75600004678	1.6407
-0.75500004678	1.6206
-0.75400004678	1.6005
-0.75300004678	1.5603
-0.75200004678	1.6005
-0.75100004678	1.5804
-0.75000004678	1.6005
-0.74900004678	1.5804
-0.74800004678	1.5603
-0.74700004678	1.5402
-0.74600004678	1.5402
-0.74500004678	1.5201
-0.74400004678	1.5201
-0.74300004678	1.5402
-0.74200004678	1.5
-0.74100004678	1.5
-0.74000004678	1.5201
-0.73900004678	1.5201
-0.73800004678	1.4799
-0.73700004678	1.5
-0.73600004678	1.4799
-0.73500004678	1.4799
-0.73400004678	1.4799
-0.73300004678	1.4799
-0.73200004678	1.4598
-0.73100004678	1.4397
-0.73000004678	1.4196
-0.72900004678	1.3995
-0.72800004678	1.3995
-0.72700004678	1.4196
-0.72600004678	1.3995
-0.72500004678	1.3995
-0.72400004678	1.3794
-0.72300004678	1.3995
-0.72200004678	1.3995
-0.72100004678	1.3593
-0.72000004678	1.3392
-0.71900004678	1.3593
-0.71800004678	1.3191
-0.71700004678	1.3392
-0.71600004678	1.3392
-0.71500004678	1.3191
-0.71400004678	1.299
-0.71300004678	1.299
-0.71200004678	1.27889
-0.71100004678	1.27889
-0.71000004678	1.27889
-0.70900004678	1.27889
-0.70800004678	1.25879
-0.70700004678	1.25879
-0.70600004678	1.25879
-0.70500004678	1.25879
-0.70400004678	1.23869
-0.70300004678	1.21859
-0.70200004678	1.23869
-0.70100004678	1.23869
-0.70000004678	1.21859
-0.69900004678	1.23869
-0.69800004678	1.21859
-0.69700004678	1.19849
-0.69600004678	1.19849
-0.69500004678	1.17839
-0.69400004678	1.19849
-0.69300004678	1.19849
-0.69200004678	1.17839
-0.69100004678	1.15829
-0.69000004678	1.15829
-0.68900004678	1.17839
-0.68800004678	1.13819
-0.68700004678	1.17839
-0.68600004678	1.15829
-0.68500004678	1.13819
-0.68400004678	1.11809
-0.68300004678	1.11809
-0.68200004678	1.09799
-0.68100004678	1.11809
-0.68000004678	1.11809
-0.67900004678	1.11809
-0.67800004678	1.09799
-0.67700004678	1.09799
-0.67600004678	1.09799
-0.67500004678	1.07789
-0.67400004678	1.07789
-0.67300004678	1.07789
-0.67200004678	1.07789
-0.67100004678	1.07789
-0.67000004678	1.07789
-0.66900004678	1.05779
-0.66800004678	1.05779
-0.66700004678	1.05779
-0.66600004678	1.05779
-0.66500004678	1.05779
-0.66400004678	1.05779
-0.66300004678	1.03769
-0.66200004678	1.03769
-0.66100004678	1.05779
-0.66000004678	1.03769
-0.65900004678	1.01759
-0.65800004678	1.01759
-0.65700004678	1.03769
-0.65600004678	0.997487
-0.65500004678	1.01759
-0.65400004678	0.997487
-0.65300004678	0.997487
-0.65200004678	1.01759
-0.65100004678	0.997487
-0.65000004678	0.997487
-0.64900004678	0.977387
-0.64800004678	1.01759
-0.64700004678	0.977387
-0.64600004678	0.977387
-0.64500004678	0.997487
-0.64400004678	0.977387
-0.64300004678	0.957286
-0.64200004678	0.957286
-0.64100004678	1.82161
-0.64000004678	1.82161
-0.63900004678	1.82161
-0.63800004678	1.80151
-0.63700004678	1.82161
-0.63600004678	1.82161
-0.63500004678	1.80151
-0.63400004678	1.78141
-0.63300004678	1.82161
-0.63200004678	1.78141
-0.63100004678	1.80151
-0.63000004678	1.80151
-0.62900004678	1.80151
-0.62800004678	1.84171
-0.62700004678	1.82161
-0.62600004678	1.82161
-0.62500004678	1.82161
-0.62400004678	1.82161
-0.62300004678	1.84171
-0.62200004678	1.82161
-0.62100004678	1.80151
-0.62000004678	1.80151
-0.61900004678	1.86181
-0.61800004678	1.82161
-0.61700004678	1.80151
-0.61600004678	1.82161
-0.61500004678	1.82161
-0.61400004678	1.84171
-0.61300004678	1.84171
-0.61200004678	1.82161
-0.61100004678	1.84171
-0.61000004678	1.82161
-0.60900004678	1.82161
-0.60800004678	1.80151
-0.60700004678	1.76131
-0.60600004678	1.72111
-0.60500004678	1.6809
-0.60400004678	1.6809
-0.60300004678	1.80151
-0.60200004678	1.84171
-0.60100004678	1.80151
-0.60000004678	1.80151
-0.59900004678	1.76131
-0.59800004678	1.82161
-0.59700004678	1.78141
-0.59600004678	1.80151
-0.59500004678	1.82161
-0.59400004678	1.80151
-0.59300004678	1.80151
-0.59200004678	1.82161
-0.59100004678	1.84171
-0.59000004678	1.80151
-0.58900004678	1.80151
-0.58800004678	1.82161
-0.58700004678	1.80151
-0.58600004678	1.80151
-0.58500004678	1.80151
-0.58400004678	1.82161
-0.58300004678	1.82161
-0.58200004678	1.80151
-0.58100004678	1.84171
-0.58000004678	1.84171
-0.57900004678	1.86181
-0.57800004678	1.78141
-0.57700004678	1.80151
-0.57600004678	1.80151
-0.57500004678	1.78141
-0.57400004678	1.84171
-0.57300004678	1.80151
-0.57200004678	1.82161
-0.57100004678	1.82161
-0.57000004678	1.84171
-0.56900004678	1.80151
-0.56800004678	1.82161
-0.56700004678	1.78141
-0.56600004678	1.82161
-0.56500004678	1.80151
-0.56400004678	1.82161
-0.56300004678	1.80151
-0.56200004678	1.82161
-0.56100004678	1.82161
-0.56000004678	1.80151
-0.55900004678	1.80151
-0.55800004678	1.80151
-0.55700004678	1.82161
-0.55600004678	1.76131
-0.55500004678	1.74121
-0.55400004678	1.72111
-0.55300004678	1.72111
-0.55200004678	1.6608
-0.55100004678	1.6608
-0.55000004678	1.6608
-0.54900004678	1.6608
-0.54800004678	1.6407
-0.54700004678	1.6206
-0.54600004678	1.6206
-0.54500004678	1.6206
-0.54400004678	1.6206
-0.54300004678	1.6206
-0.54200004678	1.6005
-0.54100004678	1.6005
-0.54000004678	1.6005
-0.53900004678	1.6005
-0.53800004678	1.5603
-0.53700004678	1.5603
-0.53600004678	1.5603
-0.53500004678	1.5402
-0.53400004678	1.5603
-0.53300004678	1.5402
-0.53200004678	1.5201
-0.53100004678	1.5402
-0.53000004678	1.5402
-0.52900004678	1.5603
-0.52800004678	1.5201
-0.52700004678	1.5201
-0.52600004678	1.5
-0.52500004678	1.5
-0.52400004678	1.5
-0.52300004678	1.4799
-0.52200004678	1.4598
-0.52100004678	1.4598
-0.52000004678	1.4397
-0.51900004678	1.4397
-0.51800004678	1.4196
-0.51700004678	1.4397
-0.51600004678	1.4196
-0.51500004678	1.3995
-0.51400004678	1.3794
-0.51300004678	1.3794
-0.51200004678	1.3794
-0.51100004678	1.3794
-0.51000004678	1.3593
-0.50900004678	1.3593
-0.50800004678	1.3593
-0.50700004678	1.3191
-0.50600004678	1.3191
-0.50500004678	1.3392
-0.50400004678	1.3392
-0.50300004678	1.3191
-0.50200004678	1.299
-0.50100004678	1.299
-0.50000004678	1.27889
-0.49900004678	1.25879
-0.49800004678	1.25879
-0.49700004678	1.27889
-0.49600004678	1.27889
-0.49500004678	1.25879
-0.49400004678	1.25879
-0.49300004678	1.25879
-0.49200004678	1.23869
-0.49100004678	1.21859
-0.49000004678	1.21859
-0.48900004678	1.21859
-0.48800004678	1.23869
-0.48700004678	1.23869
-0.48600004678	1.21859
-0.48500004678	1.19849
-0.48400004678	1.19849
-0.48300004678	1.19849
-0.48200004678	1.17839
-0.48100004678	1.19849
-0.48000004678	1.17839
-0.47900004678	1.15829
-0.47800004678	1.13819
-0.47700004678	1.15829
-0.47600004678	1.15829
-0.47500004678	1.13819
-0.47400004678	1.13819
-0.47300004678	1.11809
-0.47200004678	1.11809
-0.47100004678	1.13819
-0.47000004678	1.13819
-0.46900004678	1.09799
-0.46800004678	1.11809
-0.46700004678	1.11809
-0.46600004678	1.11809
-0.46500004678	1.05779
-0.46400004678	1.09799
-0.46300004678	1.07789
-0.46200004678	1.09799
-0.46100004678	1.05779
-0.46000004678	1.07789
-0.45900004678	1.07789
-0.45800004678	1.07789
-0.45700004678	1.07789
-0.45600004678	1.05779
-0.45500004678	1.03769
-0.45400004678	1.03769
-0.45300004678	1.07789
-0.45200004678	1.01759
-0.45100004678	1.05779
-0.45000004678	1.03769
-0.44900004678	1.03769
-0.44800004678	1.03769
-0.44700004678	0.997487
-0.44600004678	1.01759
-0.44500004678	1.01759
-0.44400004678	0.997487
-0.44300004678	1.03769
-0.44200004678	1.01759
-0.44100004678	1.01759
-0.44000004678	0.997487
-0.43900004678	0.997487
-0.43800004678	0.997487
-0.43700004678	0.957286
-0.43600004678	0.977387
-0.43500004678	0.977387
-0.43400004678	0.997487
-0.43300004678	0.997487
-0.43200004678	0.977387
-0.43100004678	0.997487
-0.43000004678	1.74121
-0.42900004678	1.82161
-0.42800004678	1.80151
-0.42700004678	1.82161
-0.42600004678	1.82161
-0.42500004678	1.82161
-0.42400004678	1.82161
-0.42300004678	1.80151
-0.42200004678	1.84171
-0.42100004678	1.84171
-0.42000004678	1.78141
-0.41900004678	1.82161
-0.41800004678	1.82161
-0.41700004678	1.82161
-0.41600004678	1.82161
-0.41500004678	1.80151
-0.41400004678	1.82161
-0.41300004678	1.82161
-0.41200004678	1.82161
-0.41100004678	1.80151
-0.41000004678	1.82161
-0.40900004678	1.82161
-0.40800004678	1.84171
-0.40700004678	1.82161
-0.40600004678	1.84171
-0.40500004678	1.80151
-0.40400004678	1.82161
-0.40300004678	1.86181
-0.40200004678	1.82161
-0.40100004678	1.84171
-0.40000004678	1.82161
-0.39900004678	1.78141
-0.39800004678	1.76131
-0.39700004678	1.74121
-0.39600004678	1.701
-0.39500004678	1.6809
-0.39400004678	1.6809
-0.39300004678	1.76131
-0.39200004678	1.80151
-0.39100004678	1.80151
-0.39000004678	1.82161
-0.38900004678	1.82161
-0.38800004678	1.80151
-0.38700004678	1.80151
-0.38600004678	1.82161
-0.38500004678	1.82161
-0.38400004678	1.84171
-0.38300004678	1.80151
-0.38200004678	1.84171
-0.38100004678	1.84171
-0.38000004678	1.80151
-0.37900004678	1.80151
-0.37800004678	1.80151
-0.37700004678	1.80151
-0.37600004678	1.82161
-0.37500004678	1.80151
-0.37400004678	1.78141
-0.37300004678	1.82161
-0.37200004678	1.86181
-0.37100004678	1.82161
-0.37000004678	1.84171
-0.36900004678	1.82161
-0.36800004678	1.82161
-0.36700004678	1.78141
-0.36600004678	1.80151
-0.36500004678	1.78141
-0.36400004678	1.80151
-0.36300004678	1.80151
-0.36200004678	1.80151
-0.36100004678	1.82161
-0.36000004678	1.78141
-0.35900004678	1.80151
-0.35800004678	1.80151
-0.35700004678	1.82161
-0.35600004678	1.84171
-0.35500004678	1.80151
-0.35400004678	1.82161
-0.35300004678	1.80151
-0.35200004678	1.80151
-0.35100004678	1.82161
-0.35000004678	1.82161
-0.34900004678	1.80151
-0.34800004678	1.78141
-0.34700004678	1.78141
-0.34600004678	1.78141
-0.34500004678	1.76131
-0.34400004678	1.701
-0.34300004678	1.6809
-0.34200004678	1.6809
-0.34100004678	1.6407
-0.34000004678	1.6608
-0.33900004678	1.6809
-0.33800004678	1.6608
-0.33700004678	1.6407
-0.33600004678	1.6005
-0.33500004678	1.6206
-0.33400004678	1.6005
-0.33300004678	1.6206
-0.33200004678	1.6005
-0.33100004678	1.6005
-0.33000004678	1.6206
-0.32900004678	1.6005
-0.32800004678	1.5804
-0.32700004678	1.5603
-0.32600004678	1.5804
-0.32500004678	1.5603
-0.32400004678	1.5402
-0.32300004678	1.5603
-0.32200004678	1.5402
-0.32100004678	1.5
-0.32000004678	1.5201
-0.31900004678	1.5402
-0.31800004678	1.5402
-0.31700004678	1.5
-0.31600004678	1.5201
-0.31500004678	1.5
-0.31400004678	1.5
-0.31300004678	1.5
-0.31200004678	1.4799
-0.31100004678	1.4598
-0.31000004678	1.4397
-0.30900004678	1.4397
-0.30800004678	1.4397
-0.30700004678	1.4598
-0.30600004678	1.4196
-0.30500004678	1.3794
-0.30400004678	1.4196
-0.30300004678	1.3794
-0.30200004678	1.3794
-0.30100004678	1.3995
-0.30000004678	1.3593
-0.29900004678	1.3392
-0.29800004678	1.3593
-0.29700004678	1.3191
-0.29600004678	1.3191
-0.29500004678	1.3191
-0.29400004678	1.3191
-0.29300004678	1.3191
-0.29200004678	1.299
-0.29100004678	1.27889
-0.29000004678	1.27889
-0.28900004678	1.27889
-0.28800004678	1.27889
-0.28700004678	1.27889
-0.28600004678	1.25879
-0.28500004678	1.25879
-0.28400004678	1.27889
-0.28300004678	1.27889
-0.28200004678	1.23869
-0.28100004678	1.23869
-0.28000004678	1.23869
-0.27900004678	1.21859
-0.27800004678	1.21859
-0.27700004678	1.19849
-0.27600004678	1.19849
-0.27500004678	1.21859
-0.27400004678	1.21859
-0.27300004678	1.19849
-0.27200004678	1.19849
-0.27100004678	1.17839
-0.27000004678	1.17839
-0.26900004678	1.13819
-0.26800004678	1.15829
-0.26700004678	1.15829
-0.26600004678	1.15829
-0.26500004678	1.15829
-0.26400004678	1.13819
-0.26300004678	1.13819
-0.26200004678	1.11809
-0.26100004678	1.13819
-0.26000004678	1.11809
-0.25900004678	1.11809
-0.25800004678	1.11809
-0.25700004678	1.09799
-0.25600004678	1.09799
-0.25500004678	1.09799
-0.25400004678	1.09799
-0.25300004678	1.09799
-0.25200004678	1.09799
-0.25100004678	1.09799
-0.25000004678	1.05779
-0.24900004678	1.07789
-0.24800004678	1.09799
-0.24700004678	1.05779
-0.24600004678	1.05779
-0.24500004678	1.05779
-0.24400004678	1.03769
-0.24300004678	1.05779
-0.24200004678	1.05779
-0.24100004678	1.03769
-0.24000004678	1.05779
-0.23900004678	1.03769
-0.23800004678	1.03769
-0.23700004678	1.03769
-0.23600004678	1.03769
-0.23500004678	1.01759
-0.23400004678	1.01759
-0.23300004678	0.997487
-0.23200004678	0.997487
-0.23100004678	0.997487
-0.23000004678	1.01759
-0.22900004678	0.977387
-0.22800004678	0.997487
-0.22700004678	0.997487
-0.22600004678	0.977387
-0.22500004678	0.977387
-0.22400004678	0.957286
-0.22300004678	0.957286
-0.22200004678	0.977387
-0.22100004678	0.977387
-0.22000004678	0.977387
-0.21900004678	0.977387
-0.21800004678	0.937186
-0.21700004678	0.937186
-0.21600004678	0.957286
-0.21500004678	0.977387
-0.21400004678	1.78141
-0.21300004678	1.82161
-0.21200004678	1.78141
-0.21100004678	1.84171
-0.21000004678	1.80151
-0.20900004678	1.78141
-0.20800004678	1.80151
-0.20700004678	1.80151
-0.20600004678	1.82161
-0.20500004678	1.80151
-0.20400004678	1.84171
-0.20300004678	1.86181
-0.20200004678	1.82161
-0.20100004678	1.80151
-0.20000004678	1.84171
-0.19900004678	1.82161
-0.19800004678	1.82161
-0.19700004678	1.84171
-0.19600004678	1.80151
-0.19500004678	1.82161
-0.19400004678	1.84171
-0.19300004678	1.80151
-0.19200004678	1.82161
-0.19100004678	1.82161
-0.19000004678	1.78141
-0.18900004678	1.74121
-0.18800004678	1.72111
-0.18700004678	1.6809
-0.18600004678	1.6608
-0.18500004678	1.6809
-0.18400004678	1.6407
-0.18300004678	1.6407
-0.18200004678	1.84171
-0.18100004678	1.78141
-0.18000004678	1.82161
-0.17900004678	1.82161
-0.17800004678	1.78141
-0.17700004678	1.78141
-0.17600004678	1.82161
-0.17500004678	1.80151
-0.17400004678	1.80151
-0.17300004678	1.84171
-0.17200004678	1.82161
-0.17100004678	1.84171
-0.17000004678	1.84171
-0.16900004678	1.78141
-0.16800004678	1.78141
-0.16700004678	1.82161
-0.16600004678	1.80151
-0.16500004678	1.80151
-0.16400004678	1.82161
-0.16300004678	1.82161
-0.16200004678	1.80151
-0.16100004678	1.82161
-0.16000004678	1.82161
-0.15900004678	1.80151
-0.15800004678	1.84171
-0.15700004678	1.80151
-0.15600004678	1.78141
-0.15500004678	1.80151
-0.15400004678	1.80151
-0.15300004678	1.80151
-0.15200004678	1.78141
-0.15100004678	1.80151
-0.15000004678	1.82161
-0.14900004678	1.80151
-0.14800004678	1.78141
-0.14700004678	1.80151
-0.14600004678	1.82161
-0.14500004678	1.82161
-0.14400004678	1.80151
-0.14300004678	1.80151
-0.14200004678	1.80151
-0.14100004678	1.78141
-0.14000004678	1.84171
-0.13900004678	1.80151
-0.13800004678	1.82161
-0.13700004678	1.80151
-0.13600004678	1.76131
-0.13500004678	1.74121
-0.13400004678	1.701
-0.13300004678	1.701
-0.13200004678	1.6608
-0.13100004678	1.6407
-0.13000004678	1.6608
-0.12900004678	1.6608
-0.12800004678	1.6206
-0.12700004678	1.6608
-0.12600004678	1.6206
-0.12500004678	1.6206
-0.12400004678	1.6005
-0.12300004678	1.6005
-0.12200004678	1.6206
-0.12100004678	1.6005
-0.12000004678	1.5804
-0.11900004678	1.5804
-0.11800004678	1.5603
-0.11700004678	1.5603
-0.11600004678	1.5603
-0.11500004678	1.5402
-0.11400004678	1.5603
-0.11300004678	1.5402
-0.11200004678	1.5603
-0.11100004678	1.5603
-0.11000004678	1.5201
-0.10900004678	1.5
-0.10800004678	1.5201
-0.10700004678	1.5
-0.10600004678	1.5201
-0.10500004678	1.4799
-0.10400004678	1.5
-0.10300004678	1.5
-0.10200004678	1.4598
-0.10100004678	1.4598
-0.10000004678	1.4598
-0.09900004678	1.4397
-0.09800004678	1.4397
-0.09700004678	1.4196
-0.09600004678	1.4196
-0.09500004678	1.3794
-0.09400004678	1.3995
-0.09300004678	1.3593
-0.09200004678	1.3995
-0.09100004678	1.3794
-0.09000004678	1.3593
-0.08900004678	1.3593
-0.08800004678	1.3392
-0.08700004678	1.3593
-0.08600004678	1.3392
-0.08500004678	1.3392
-0.08400004678	1.299
-0.08300004678	1.299
-0.08200004678	1.299
-0.08100004678	1.27889
-0.08000004678	1.27889
-0.07900004678	1.25879
-0.07800004678	1.27889
-0.07700004678	1.27889
-0.07600004678	1.25879
-0.07500004678	1.23869
-0.07400004678	1.27889
-0.07300004678	1.21859
-0.07200004678	1.23869
-0.07100004678	1.21859
-0.07000004678	1.21859
-0.06900004678	1.21859
-0.06800004678	1.23869
-0.06700004678	1.21859
-0.06600004678	1.21859
-0.06500004678	1.19849
-0.06400004678	1.19849
-0.06300004678	1.17839
-0.06200004678	1.19849
-0.06100004678	1.17839
-0.06000004678	1.15829
-0.05900004678	1.15829
-0.05800004678	1.17839
-0.05700004678	1.17839
-0.05600004678	1.17839
-0.05500004678	1.15829
-0.05400004678	1.13819
-0.05300004678	1.13819
-0.05200004678	1.15829
-0.05100004678	1.11809
-0.05000004678	1.13819
-0.04900004678	1.11809
-0.04800004678	1.07789
-0.04700004678	1.09799
-0.04600004678	1.09799
-0.04500004678	1.09799
-0.04400004678	1.07789
-0.04300004678	1.07789
-0.04200004678	1.07789
-0.04100004678	1.09799
-0.04000004678	1.09799
-0.03900004678	1.05779
-0.03800004678	1.05779
-0.03700004678	1.05779
-0.03600004678	1.05779
-0.03500004678	1.07789
-0.03400004678	1.03769
-0.03300004678	1.03769
-0.03200004678	1.05779
-0.03100004678	1.07789
-0.03000004678	1.01759
-0.02900004678	1.03769
-0.02800004678	1.01759
-0.02700004678	1.03769
-0.02600004678	1.01759
-0.02500004678	1.03769
-0.02400004678	0.997487
-0.02300004678	1.01759
-0.02200004678	1.01759
-0.02100004678	0.997487
-0.02000004678	1.01759
-0.01900004678	0.997487
-0.01800004678	0.997487
-0.01700004678	0.997487
-0.01600004678	0.977387
-0.01500004678	0.997487
-0.01400004678	0.957286
-0.01300004678	0.957286
-0.01200004678	0.977387
-0.01100004678	0.977387
-0.01000004678	0.977387
-0.00900004678	0.977387
-0.00800004678	0.957286
-0.00700004678	0.977387
-0.00600004678	0.957286
-0.00500004678	0.957286
-0.00400004678	0.937186
-0.00300004678	0.977387
-0.00200004678	0.937186
-0.00100004678	0.957286
-0.00000004678	0.977387
0.00099995322	1.80151
0.00199995322	1.80151
0.00299995322	1.80151
0.00399995322	1.82161
0.00499995322	1.80151
0.00599995322	1.80151
0.00699995322	1.82161
0.00799995322	1.80151
0.00899995322	1.86181
0.00999995322	1.82161
0.01099995322	1.82161
0.01199995322	1.82161
0.01299995322	1.80151
0.01399995322	1.82161
0.01499995322	1.80151
0.01599995322	1.84171
0.01699995322	1.80151
0.01799995322	1.84171
0.01899995322	1.82161
0.01999995322	1.84171
0.02099995322	1.84171
0.02199995322	1.82161
0.02299995322	1.82161
0.02399995322	1.84171
0.02499995322	1.82161
0.02599995322	1.80151
0.02699995322	1.78141
0.02799995322	1.76131
0.02899995322	1.72111
0.02999995322	1.6809
0.03099995322	1.6809
0.03199995322	1.6608
0.03299995322	1.6809
0.03399995322	1.6407
0.03499995322	1.6608
0.03599995322	1.6407
0.03699995322	1.6206
0.03799995322	1.6206
0.03899995322	1.6206
0.03999995322	1.6005
0.04099995322	1.80151
0.04199995322	1.82161
0.04299995322	1.84171
0.04399995322	1.84171
0.04499995322	1.78141
0.04599995322	1.82161
0.04699995322	1.80151
0.04799995322	1.82161
0.04899995322	1.80151
0.04999995322	1.80151
0.05099995322	1.80151
0.05199995322	1.82161
0.05299995322	1.82161
0.05399995322	1.82161
0.05499995322	1.82161
0.05599995322	1.82161
0.05699995322	1.82161
0.05799995322	1.84171
0.05899995322	1.84171
0.05999995322	1.80151
0.06099995322	1.78141
0.06199995322	1.80151
0.06299995322	1.78141
0.06399995322	1.82161
0.06499995322	1.80151
0.06599995322	1.80151
0.06699995322	1.80151
0.06799995322	1.80151
0.06899995322	1.80151
0.06999995322	1.82161
0.07099995322	1.80151
0.07199995322	1.82161
0.07299995322	1.82161
0.07399995322	1.82161
0.07499995322	1.82161
0.07599995322	1.84171
0.07699995322	1.84171
0.07799995322	1.82161
0.07899995322	1.82161
0.07999995322	1.84171
0.08099995322	1.82161
0.08199995322	1.82161
0.08299995322	1.84171
0.08399995322	1.82161
0.08499995322	1.76131
0.08599995322	1.76131
0.08699995322	1.72111
0.08799995322	1.6608
0.08899995322	1.6407
0.08999995322	1.6809
0.09099995322	1.6206
0.09199995322	1.6407
0.09299995322	1.6407
0.09399995322	1.6407
0.09499995322	1.6005
0.09599995322	1.6206
0.09699995322	1.6005
0.09799995322	1.6206
0.09899995322	1.6005
0.09999995322	1.6005
0.10099995322	1.5603
0.10199995322	1.5804
0.10299995322	1.5804
0.10399995322	1.5402
0.10499995322	1.5603
0.10599995322	1.5603
0.10699995322	1.5603
0.10799995322	1.5603
0.10899995322	1.5603
0.10999995322	1.5402
0.11099995322	1.5402
0.11199995322	1.5
0.11299995322	1.5
0.11399995322	1.5402
0.11499995322	1.5
0.11599995322	1.5
0.11699995322	1.4799
0.11799995322	1.5
0.11899995322	1.4799
0.11999995322	1.4598
0.12099995322	1.4598
0.12199995322	1.4397
0.12299995322	1.4397
0.12399995322	1.4196
0.12499995322	1.4196
0.12599995322	1.3995
0.12699995322	1.3995
0.12799995322	1.3794
0.12899995322	1.3794
0.12999995322	1.3995
0.13099995322	1.3392
0.13199995322	1.3593
0.13299995322	1.3392
0.13399995322	1.3593
0.13499995322	1.3191
0.13599995322	1.3392
0.13699995322	1.299
0.13799995322	1.3392
0.13899995322	1.299
0.13999995322	1.3191
0.14099995322	1.27889
0.14199995322	1.27889
0.14299995322	1.25879
0.14399995322	1.25879
0.14499995322	1.25879
0.14599995322	1.27889
0.14699995322	1.27889
0.14799995322	1.23869
0.14899995322	1.21859
0.14999995322	1.21859
0.15099995322	1.19849
0.15199995322	1.21859
0.15299995322	1.21859
0.15399995322	1.19849
0.15499995322	1.19849
0.15599995322	1.19849
0.15699995322	1.19849
0.15799995322	1.17839
0.15899995322	1.15829
0.15999995322	1.17839
0.16099995322	1.15829
0.16199995322	1.15829
0.16299995322	1.15829
0.16399995322	1.15829
0.16499995322	1.17839
0.16599995322	1.11809
0.16699995322	1.13819
0.16799995322	1.13819
0.16899995322	1.13819
0.16999995322	1.15829
0.17099995322	1.15829
0.17199995322	1.13819
0.17299995322	1.09799
0.17399995322	1.11809
0.17499995322	1.11809
0.17599995322	1.11809
0.17699995322	1.07789
0.17799995322	1.09799
0.17899995322	1.07789
0.17999995322	1.09799
0.18099995322	1.09799
0.18199995322	1.05779
0.18299995322	1.07789
0.18399995322	1.07789
0.18499995322	1.05779
0.18599995322	1.05779
0.18699995322	1.03769
0.18799995322	1.03769
0.18899995322	1.01759
0.18999995322	1.03769
0.19099995322	1.03769
0.19199995322	1.05779
0.19299995322	1.01759
0.19399995322	1.01759
0.19499995322	0.997487
0.19599995322	1.01759
0.19699995322	1.01759
0.19799995322	1.01759
0.19899995322	0.997487
0.19999995322	1.01759
0.20099995322	0.977387
0.20199995322	1.01759
0.20299995322	0.997487
0.20399995322	0.997487
0.20499995322	0.957286
0.20599995322	0.997487
0.20699995322	1.80151
0.20799995322	1.80151
0.20899995322	1.82161
0.20999995322	1.80151
0.21099995322	1.82161
0.21199995322	1.82161
0.21299995322	1.78141
0.21399995322	1.84171
0.21499995322	1.84171
0.21599995322	1.82161
0.21699995322	1.82161
0.21799995322	1.80151
0.21899995322	1.78141
0.21999995322	1.80151
0.22099995322	1.80151
0.22199995322	1.82161
0.22299995322	1.80151
0.22399995322	1.82161
0.22499995322	1.82161
0.22599995322	1.82161
0.22699995322	1.82161
0.22799995322	1.82161
0.22899995322	1.82161
0.22999995322	1.82161
0.23099995322	1.82161
0.23199995322	1.84171
0.23299995322	1.80151
0.23399995322	1.82161
0.23499995322	1.82161
0.23599995322	1.80151
0.23699995322	1.82161
0.23799995322	1.82161
0.23899995322	1.82161
0.23999995322	1.80151
0.24099995322	1.76131
0.24199995322	1.72111
0.24299995322	1.701
0.24399995322	1.6809
0.24499995322	1.6809
0.24599995322	1.6608
0.24699995322	1.80151
0.24799995322	1.80151
0.24899995322	1.80151
0.24999995322	1.78141
0.25099995322	1.84171
0.25199995322	1.80151
0.25299995322	1.84171
0.25399995322	1.82161
0.25499995322	1.80151
0.25599995322	1.80151
0.25699995322	1.80151
0.25799995322	1.78141
0.25899995322	1.80151
0.25999995322	1.82161
0.26099995322	1.80151
0.26199995322	1.82161
0.26299995322	1.84171
0.26399995322	1.84171
0.26499995322	1.82161
0.26599995322	1.80151
0.26699995322	1.82161
0.26799995322	1.82161
0.26899995322	1.78141
0.26999995322	1.82161
0.27099995322	1.80151
0.27199995322	1.82161
0.27299995322	1.80151
0.27399995322	1.80151
0.27499995322	1.82161
0.27599995322	1.78141
0.27699995322	1.80151
0.27799995322	1.82161
0.27899995322	1.80151
0.27999995322	1.82161
0.28099995322	1.84171
0.28199995322	1.84171
0.28299995322	1.82161
0.28399995322	1.82161
0.28499995322	1.82161
0.28599995322	1.82161
0.28699995322	1.86181
0.28799995322	1.84171
0.28899995322	1.82161
0.28999995322	1.84171
0.29099995322	1.84171
0.29199995322	1.78141
0.29299995322	1.76131
0.29399995322	1.72111
0.29499995322	1.701
0.29599995322	1.6809
0.29699995322	1.6608
0.29799995322	1.6608
0.29899995322	1.6608
0.29999995322	1.6407
0.30099995322	1.6407
0.30199995322	1.6407
0.30299995322	1.6407
0.30399995322	1.6206
0.30499995322	1.6206
0.30599995322	1.6206
0.30699995322	1.5804
0.30799995322	1.5603
0.30899995322	1.5804
0.30999995322	1.5804
0.31099995322	1.5804
0.31199995322	1.5603
0.31299995322	1.5603
0.31399995322	1.5804
0.31499995322	1.5402
0.31599995322	1.5402
0.31699995322	1.5201
0.31799995322	1.5603
0.31899995322	1.5
0.31999995322	1.5201
0.32099995322	1.5201
0.32199995322	1.5201
0.32299995322	1.5
0.32399995322	1.4799
0.32499995322	1.4799
0.32599995322	1.4799
0.32699995322	1.4799
0.32799995322	1.4799
0.32899995322	1.4598
0.32999995322	1.4397
0.33099995322	1.4196
0.33199995322	1.3995
0.33299995322	1.4196
0.33399995322	1.3794
0.33499995322	1.3995
0.33599995322	1.3593
0.33699995322	1.3794
0.33799995322	1.3593
0.33899995322	1.3794
0.33999995322	1.3593
0.34099995322	1.3392
0.34199995322	1.3191
0.34299995322	1.299
0.34399995322	1.3191
0.34499995322	1.3191
0.34599995322	1.299
0.34699995322	1.3191
0.34799995322	1.299
0.34899995322	1.299
0.34999995322	1.299
0.35099995322	1.27889
0.35199995322	1.25879
0.35299995322	1.27889
0.35399995322	1.25879
0.35499995322	1.21859
0.35599995322	1.23869
0.35699995322	1.23869
0.35799995322	1.23869
0.35899995322	1.23869
0.35999995322	1.21859
0.36099995322	1.21859
0.36199995322	1.19849
0.36299995322	1.21859
0.36399995322	1.19849
0.36499995322	1.19849
0.36599995322	1.17839
0.36699995322	1.17839
0.36799995322	1.17839
0.36899995322	1.17839
0.36999995322	1.15829
0.37099995322	1.15829
0.37199995322	1.13819
0.37299995322	1.13819
0.37399995322	1.13819
0.37499995322	1.13819
0.37599995322	1.13819
0.37699995322	1.13819
0.37799995322	1.11809
0.37899995322	1.11809
0.37999995322	1.11809
0.38099995322	1.11809
0.38199995322	1.11809
0.38299995322	1.13819
0.38399995322	1.09799
0.38499995322	1.11809
0.38599995322	1.07789
0.38699995322	1.07789
0.38799995322	1.09799
0.38899995322	1.07789
0.38999995322	1.07789
0.39099995322	1.07789
0.39199995322	1.07789
0.39299995322	1.05779
0.39399995322	1.05779
0.39499995322	1.03769
0.39599995322	1.05779
0.39699995322	1.05779
0.39799995322	1.05779
0.39899995322	1.05779
0.39999995322	1.01759
0.40099995322	1.03769
0.40199995322	1.01759
0.40299995322	1.01759
0.40399995322	1.01759
0.40499995322	1.01759
0.40599995322	1.01759
0.40699995322	0.997487
0.40799995322	0.997487
0.40899995322	0.977387
0.40999995322	0.977387
0.41099995322	1.01759
0.41199995322	0.997487
0.41299995322	0.997487
0.41399995322	0.997487
0.41499995322	0.977387
0.41599995322	0.957286
0.41699995322	0.977387
0.41799995322	0.977387
0.41899995322	0.957286
0.41999995322	0.977387
0.42099995322	0.977387
0.42199995322	0.957286
0.42299995322	0.937186
0.42399995322	0.957286
0.42499995322	0.957286
0.42599995322	1.80151
0.42699995322	1.82161
0.42799995322	1.80151
0.42899995322	1.80151
0.42999995322	1.86181
0.43099995322	1.82161
0.43199995322	1.80151
0.43299995322	1.80151
0.43399995322	1.84171
0.43499995322	1.80151
0.43599995322	1.82161
0.43699995322	1.82161
0.43799995322	1.80151
0.43899995322	1.80151
0.43999995322	1.80151
0.44099995322	1.80151
0.44199995322	1.84171
0.44299995322	1.80151
0.44399995322	1.82161
0.44499995322	1.82161
0.44599995322	1.82161
0.44699995322	1.80151
0.44799995322	1.84171
0.44899995322	1.80151
0.44999995322	1.82161
0.45099995322	1.82161
0.45199995322	1.82161
0.45299995322	1.82161
0.45399995322	1.82161
0.45499995322	1.82161
0.45599995322	1.80151
0.45699995322	1.82161
0.45799995322	1.76131
0.45899995322	1.72111
0.45999995322	1.701
0.46099995322	1.84171
0.46199995322	1.82161
0.46299995322	1.80151
0.46399995322	1.78141
0.46499995322	1.82161
0.46599995322	1.82161
0.46699995322	1.80151
0.46799995322	1.80151
0.46899995322	1.84171
0.46999995322	1.82161
0.47099995322	1.80151
0.47199995322	1.80151
0.47299995322	1.78141
0.47399995322	1.80151
0.47499995322	1.80151
0.47599995322	1.82161
0.47699995322	1.82161
0.47799995322	1.84171
0.47899995322	1.82161
0.47999995322	1.84171
0.48099995322	1.82161
0.48199995322	1.84171
0.48299995322	1.76131
0.48399995322	1.80151
0.48499995322	1.82161
0.48599995322	1.78141
0.48699995322	1.78141
0.48799995322	1.78141
0.48899995322	1.82161
0.48999995322	1.80151
0.49099995322	1.80151
0.49199995322	1.82161
0.49299995322	1.80151
0.49399995322	1.82161
0.49499995322	1.82161
0.49599995322	1.82161
0.49699995322	1.82161
0.49799995322	1.82161
0.49899995322	1.84171
0.49999995322	1.82161
0.50099995322	1.84171
0.50199995322	1.82161
0.50299995322	1.78141
0.50399995322	1.82161
0.50499995322	1.86181
0.50599995322	1.84171
0.50699995322	1.82161
0.50799995322	1.80151
0.50899995322	1.80151
0.50999995322	1.74121
0.51099995322	1.72111
0.51199995322	1.6809
0.51299995322	1.72111
0.51399995322	1.6608
0.51499995322	1.6608
0.51599995322	1.6608
0.51699995322	1.6407
0.51799995322	1.6407
0.51899995322	1.6206
0.51999995322	1.6407
0.52099995322	1.6206
0.52199995322	1.6206
0.52299995322	1.6005
0.52399995322	1.5804
0.52499995322	1.6005
0.52599995322	1.5804
0.52699995322	1.5804
0.52799995322	1.5603
0.52899995322	1.5402
0.52999995322	1.5603
0.53099995322	1.5402
0.53199995322	1.5603
0.53299995322	1.5201
0.53399995322	1.5201
0.53499995322	1.5402
0.53599995322	1.5201
0.53699995322	1.5201
0.53799995322	1.5201
0.53899995322	1.5
0.53999995322	1.4799
0.54099995322	1.4799
0.54199995322	1.5
0.54299995322	1.4799
0.54399995322	1.4598
0.54499995322	1.4598
0.54599995322	1.4598
0.54699995322	1.4196
0.54799995322	1.4196
0.54899995322	1.3995
0.54999995322	1.3995
0.55099995322	1.4196
0.55199995322	1.4196
0.55299995322	1.3794
0.55399995322	1.3794
0.55499995322	1.3794
0.55599995322	1.3593
0.55699995322	1.3392
0.55799995322	1.3593
0.55899995322	1.3392
0.55999995322	1.3191
0.56099995322	1.3392
0.56199995322	1.299
0.56299995322	1.27889
0.56399995322	1.299
0.56499995322	1.27889
0.56599995322	1.3191
0.56699995322	1.27889
0.56799995322	1.299
0.56899995322	1.25879
0.56999995322	1.27889
0.57099995322	1.25879
0.57199995322	1.25879
0.57299995322	1.23869
0.57399995322	1.21859
0.57499995322	1.21859
0.57599995322	1.23869
0.57699995322	1.21859
0.57799995322	1.19849
0.57899995322	1.21859
0.57999995322	1.21859
0.58099995322	1.19849
0.58199995322	1.19849
0.58299995322	1.19849
0.58399995322	1.19849
0.58499995322	1.15829
0.58599995322	1.15829
0.58699995322	1.15829
0.58799995322	1.15829
0.58899995322	1.15829
0.58999995322	1.17839
0.59099995322	1.13819
0.59199995322	1.13819
0.59299995322	1.11809
0.59399995322	1.11809
0.59499995322	1.13819
0.59599995322	1.11809
0.59699995322	1.11809
0.59799995322	1.11809
0.59899995322	1.09799
0.59999995322	1.09799
0.60099995322	1.09799
0.60199995322	1.09799
0.60299995322	1.09799
0.60399995322	1.05779
0.60499995322	1.07789
0.60599995322	1.09799
0.60699995322	1.05779
0.60799995322	1.07789
0.60899995322	1.07789
0.60999995322	1.07789
0.61099995322	1.05779
0.61199995322	1.05779
0.61299995322	1.07789
0.61399995322	1.03769
0.61499995322	1.05779
0.61599995322	1.01759
0.61699995322	1.03769
0.61799995322	1.01759
0.61899995322	1.01759
0.61999995322	1.01759
0.62099995322	1.03769
0.62199995322	0.997487
0.62299995322	1.01759
0.62399995322	1.01759
0.62499995322	0.997487
0.62599995322	0.997487
0.62699995322	0.977387
0.62799995322	0.977387
0.62899995322	0.997487
0.62999995322	0.997487
0.63099995322	0.977387
0.63199995322	0.977387
0.63299995322	1.80151
0.63399995322	1.78141
0.63499995322	1.84171
0.63599995322	1.80151
0.63699995322	1.84171
0.63799995322	1.82161
0.63899995322	1.80151
0.63999995322	1.84171
0.64099995322	1.82161
0.64199995322	1.80151
0.64299995322	1.80151
0.64399995322	1.80151
0.64499995322	1.80151
0.64599995322	1.82161
0.64699995322	1.80151
0.64799995322	1.80151
0.64899995322	1.82161
0.64999995322	1.82161
0.65099995322	1.82161
0.65199995322	1.82161
0.65299995322	1.82161
0.65399995322	1.82161
0.65499995322	1.82161
0.65599995322	1.84171
0.65699995322	1.82161
0.65799995322	1.82161
0.65899995322	1.80151
0.65999995322	1.82161
0.66099995322	1.84171
0.66199995322	1.80151
0.66299995322	1.80151
0.66399995322	1.80151
0.66499995322	1.78141
0.66599995322	1.76131
0.66699995322	1.701
0.66799995322	1.701
0.66899995322	1.6608
0.66999995322	1.6608
0.67099995322	1.80151
0.67199995322	1.84171
0.67299995322	1.80151
0.67399995322	1.84171
0.67499995322	1.84171
0.67599995322	1.86181
0.67699995322	1.84171
0.67799995322	1.84171
0.67899995322	1.80151
0.67999995322	1.80151
0.68099995322	1.82161
0.68199995322	1.82161
0.68299995322	1.82161
0.68399995322	1.84171
0.68499995322	1.82161
0.68599995322	1.82161
0.68699995322	1.84171
0.68799995322	1.80151
0.68899995322	1.78141
0.68999995322	1.80151
0.69099995322	1.80151
0.69199995322	1.80151
0.69299995322	1.84171
0.69399995322	1.82161
0.69499995322	1.78141
0.69599995322	1.80151
0.69699995322	1.82161
0.69799995322	1.84171
0.69899995322	1.84171
0.69999995322	1.84171
0.70099995322	1.84171
0.70199995322	1.82161
0.70299995322	1.84171
0.70399995322	1.82161
0.70499995322	1.84171
0.70599995322	1.80151
0.70699995322	1.80151
0.70799995322	1.80151
0.70899995322	1.78141
0.70999995322	1.80151
0.71099995322	1.80151
0.71199995322	1.80151
0.71299995322	1.80151
0.71399995322	1.82161
0.71499995322	1.80151
0.71599995322	1.80151
0.71699995322	1.78141
0.71799995322	1.76131
0.71899995322	1.72111
0.71999995322	1.701
0.72099995322	1.701
0.72199995322	1.6608
0.72299995322	1.6608
0.72399995322	1.6407
0.72499995322	1.6407
0.72599995322	1.6407
0.72699995322	1.6407
0.72799995322	1.6206
0.72899995322	1.6005
0.72999995322	1.6407
0.73099995322	1.6005
0.73199995322	1.6206
0.73299995322	1.5804
0.73399995322	1.5804
0.73499995322	1.5603
0.73599995322	1.5804
0.73699995322	1.5603
0.73799995322	1.5402
0.73899995322	1.5402
0.73999995322	1.5201
0.74099995322	1.5603
0.74199995322	1.5402
0.74299995322	1.5201
0.74399995322	1.5
0.74499995322	1.5
0.74599995322	1.5
0.74699995322	1.5201
0.74799995322	1.4799
0.74899995322	1.5
0.74999995322	1.5201
0.75099995322	1.4799
0.75199995322	1.4397
0.75299995322	1.4598
0.75399995322	1.4397
0.75499995322	1.4397
0.75599995322	1.4196
0.75699995322	1.4196
0.75799995322	1.3995
0.75899995322	1.4196
0.75999995322	1.3995
0.76099995322	1.3794
0.76199995322	1.3794
0.76299995322	1.3794
0.76399995322	1.3593
0.76499995322	1.3593
0.76599995322	1.3191
0.76699995322	1.3392
0.76799995322	1.3392
0.76899995322	1.3191
0.76999995322	1.3191
0.77099995322	1.3191
0.77199995322	1.299
0.77299995322	1.299
0.77399995322	1.299
0.77499995322	1.27889
0.77599995322	1.27889
0.77699995322	1.27889
0.77799995322	1.25879
0.77899995322	1.25879
0.77999995322	1.23869
0.78099995322	1.25879
0.78199995322	1.25879
0.78299995322	1.23869
0.78399995322	1.23869
0.78499995322	1.23869
0.78599995322	1.23869
0.78699995322	1.21859
0.78799995322	1.19849
0.78899995322	1.21859
0.78999995322	1.17839
0.79099995322	1.17839
0.79199995322	1.19849
0.79299995322	1.19849
0.79399995322	1.17839
0.79499995322	1.15829
0.79599995322	1.15829
0.79699995322	1.15829
0.79799995322	1.13819
0.79899995322	1.15829
0.79999995322	1.11809
0.80099995322	1.15829
0.80199995322	1.13819
0.80299995322	1.13819
0.80399995322	1.11809
0.80499995322	1.13819
0.80599995322	1.11809
0.80699995322	1.11809
0.80799995322	1.09799
0.80899995322	1.09799
0.80999995322	1.09799
0.81099995322	1.09799
0.81199995322	1.07789
0.81299995322	1.07789
0.81399995322	1.09799
0.81499995322	1.07789
0.81599995322	1.07789
0.81699995322	1.05779
0.81799995322	1.03769
0.81899995322	1.05779
0.81999995322	1.03769
0.82099995322	1.05779
0.82199995322	1.03769
0.82299995322	1.05779
0.82399995322	1.03769
0.82499995322	1.03769
0.82599995322	1.03769
0.82699995322	1.03769
0.82799995322	1.01759
0.82899995322	1.01759
0.82999995322	1.01759
0.83099995322	1.01759
0.83199995322	1.03769
0.83299995322	1.01759
0.83399995322	1.01759
0.83499995322	1.01759
0.83599995322	1.01759
0.83699995322	0.997487
0.83799995322	0.977387
0.83899995322	0.957286
0.83999995322	0.977387
0.84099995322	0.997487
0.84199995322	0.977387
0.84299995322	0.997487
0.84399995322	0.977387
0.84499995322	0.957286
0.84599995322	0.957286
0.84699995322	0.957286
0.84799995322	0.977387
0.84899995322	0.937186
0.84999995322	1.76131
0.85099995322	1.82161
0.85199995322	1.80151
0.85299995322	1.80151
0.85399995322	1.82161
0.85499995322	1.82161
0.85599995322	1.78141
0.85699995322	1.78141
0.85799995322	1.82161
0.85899995322	1.80151
0.85999995322	1.82161
0.86099995322	1.78141
0.86199995322	1.82161
0.86299995322	1.84171
0.86399995322	1.82161
0.86499995322	1.84171
0.86599995322	1.82161
0.86699995322	1.82161
0.86799995322	1.84171
0.86899995322	1.82161
0.86999995322	1.82161
0.87099995322	1.84171
0.87199995322	1.80151
0.87299995322	1.84171
0.87399995322	1.84171
0.87499995322	1.80151
0.87599995322	1.84171
0.87699995322	1.78141
0.87799995322	1.82161
0.87899995322	1.82161
0.87999995322	1.78141
0.88099995322	1.84171
0.88199995322	1.80151
0.88299995322	1.82161
0.88399995322	1.76131
0.88499995322	1.74121
0.88599995322	1.72111
0.88699995322	1.701
0.88799995322	1.6809
0.88899995322	1.6809
0.88999995322	1.6809
0.89099995322	1.6407
0.89199995322	1.6809
0.89299995322	1.6407
0.89399995322	1.80151
0.89499995322	1.80151
0.89599995322	1.80151
0.89699995322	1.80151
0.89799995322	1.80151
0.89899995322	1.82161
0.89999995322	1.84171
0.90099995322	1.84171
0.90199995322	1.84171
0.90299995322	1.84171
0.90399995322	1.78141
0.90499995322	1.76131
0.90599995322	1.80151
0.90699995322	1.82161
0.90799995322	1.76131
0.90899995322	1.84171
0.90999995322	1.80151
0.91099995322	1.82161
0.91199995322	1.84171
0.91299995322	1.82161
0.91399995322	1.82161
0.91499995322	1.80151
0.91599995322	1.78141
0.91699995322	1.78141
0.91799995322	1.82161
0.91899995322	1.80151
0.91999995322	1.80151
0.92099995322	1.84171
0.92199995322	1.82161
0.92299995322	1.82161
0.92399995322	1.82161
0.92499995322	1.82161
0.92599995322	1.84171
0.92699995322	1.84171
0.92799995322	1.84171
0.92899995322	1.84171
0.92999995322	1.82161
0.93099995322	1.84171
0.93199995322	1.84171
0.93299995322	1.82161
0.93399995322	1.82161
0.93499995322	1.84171
0.93599995322	1.80151
0.93699995322	1.82161
0.93799995322	1.82161
0.93899995322	1.82161
0.93999995322	1.76131
0.94099995322	1.74121
0.94199995322	1.74121
0.94299995322	1.701
0.94399995322	1.6608
0.94499995322	1.6608
0.94599995322	1.6809
0.94699995322	1.6608
0.94799995322	1.6608
0.94899995322	1.6407
0.94999995322	1.6206
0.95099995322	1.6407
0.95199995322	1.6206
0.95299995322	1.6005
0.95399995322	1.6005
0.95499995322	1.5804
0.95599995322	1.5804
0.95699995322	1.5603
0.95799995322	1.5804
0.95899995322	1.5804
0.95999995322	1.5804
0.96099995322	1.5603
0.96199995322	1.5402
0.96299995322	1.5402
0.96399995322	1.5402
0.96499995322	1.5402
0.96599995322	1.5
0.96699995322	1.5201
0.96799995322	1.5201
0.96899995322	1.5201
0.96999995322	1.4799
0.97099995322	1.4598
0.97199995322	1.4799
0.97299995322	1.5
0.97399995322	1.5
0.97499995322	1.4598
0.97599995322	1.4598
0.97699995322	1.4598
0.97799995322	1.4196
0.97899995322	1.4598
0.97999995322	1.4196
0.98099995322	1.3995
0.98199995322	1.3995
0.98299995322	1.3995
0.98399995322	1.3995
0.98499995322	1.3593
0.98599995322	1.3392
0.98699995322	1.3593
0.98799995322	1.3593
0.98899995322	1.3191
0.98999995322	1.3593
0.99099995322	1.3191
0.99199995322	1.3191
0.99299995322	1.3191
0.99399995322	1.27889
0.99499995322	1.299
0.99599995322	1.299
0.99699995322	1.299
0.99799995322	1.27889
0.99899995322	1.25879
