0	-76.5023E-03
0.000249875	+3.8997E-03
0.00049975	+84.3017E-03
0.000749625	+3.8997E-03
0.0009995	-71.4772E-03
0.001249375	-76.5023E-03
0.00149925	+84.3017E-03
0.001749125	-76.5023E-03
0.001998999	-151.8792E-03
0.002248874	-151.8792E-03
0.002498749	-76.5023E-03
0.002748624	+3.8997E-03
0.002998499	-76.5023E-03
0.003248374	+3.8997E-03
0.003498249	-76.5023E-03
0.003748124	-76.5023E-03
0.003997999	-76.5023E-03
0.004247874	+3.8997E-03
0.004497749	+3.8997E-03
0.004747624	+84.3017E-03
0.004997499	+3.8997E-03
0.005247374	-76.5023E-03
0.005497249	-151.8792E-03
0.005747124	+3.8997E-03
0.005996998	-71.4772E-03
0.006246873	-76.5023E-03
0.006496748	-76.5023E-03
0.006746623	+3.8997E-03
0.006996498	-71.4772E-03
0.007246373	+84.3017E-03
0.007496248	-76.5023E-03
0.007746123	-76.5023E-03
0.007995998	-71.4772E-03
0.008245873	+3.8997E-03
0.008495748	-71.4772E-03
0.008745623	+3.8997E-03
0.008995498	+3.8997E-03
0.009245373	-76.5023E-03
0.009495248	+84.3017E-03
0.009745123	+3.8997E-03
0.009994997	+3.8997E-03
0.010244872	-71.4772E-03
0.010494747	+3.8997E-03
0.010744622	+3.8997E-03
0.010994497	-71.4772E-03
0.011244372	-151.8792E-03
0.011494247	+3.8997E-03
0.011744122	+84.3017E-03
0.011993997	-71.4772E-03
0.012243872	-76.5023E-03
0.012493747	-71.4772E-03
0.012743622	+3.8997E-03
0.012993497	+3.8997E-03
0.013243372	-76.5023E-03
0.013493247	-151.8792E-03
0.013743122	+3.8997E-03
0.013992996	-76.5023E-03
0.014242871	+3.8997E-03
0.014492746	-232.2812E-03
0.014742621	-71.4772E-03
0.014992496	+3.8997E-03
0.015242371	+8.9248E-03
0.015492246	-151.8792E-03
0.015742121	-156.9043E-03
0.015991996	-76.5023E-03
0.016241871	-76.5023E-03
0.016491746	+3.8997E-03
0.016741621	+3.8997E-03
0.016991496	-71.4772E-03
0.017241371	-71.4772E-03
0.017491246	-76.5023E-03
0.017741121	+84.3017E-03
0.017990995	-76.5023E-03
0.01824087	-71.4772E-03
0.018490745	+3.8997E-03
0.01874062	-71.4772E-03
0.018990495	+3.8997E-03
0.01924037	+3.8997E-03
0.019490245	-76.5023E-03
0.01974012	-76.5023E-03
0.019989995	+3.8997E-03
0.02023987	-151.8792E-03
0.020489745	-232.2812E-03
0.02073962	+3.8997E-03
0.020989495	-76.5023E-03
0.02123937	-151.8792E-03
0.021489245	-76.5023E-03
0.02173912	-71.4772E-03
0.021988994	+84.3017E-03
0.022238869	+3.8997E-03
0.022488744	+84.3017E-03
0.022738619	+3.8997E-03
0.022988494	-71.4772E-03
0.023238369	-71.4772E-03
0.023488244	+3.8997E-03
0.023738119	+3.8997E-03
0.023987994	-76.5023E-03
0.024237869	-71.4772E-03
0.024487744	-151.8792E-03
0.024737619	+3.8997E-03
0.024987494	+3.8997E-03
0.025237369	+3.8997E-03
0.025487244	-71.4772E-03
0.025737119	+3.8997E-03
0.025986993	+3.8997E-03
0.026236868	-71.4772E-03
0.026486743	-71.4772E-03
0.026736618	-76.5023E-03
0.026986493	-76.5023E-03
0.027236368	-76.5023E-03
0.027486243	-76.5023E-03
0.027736118	+3.8997E-03
0.027985993	-71.4772E-03
0.028235868	-71.4772E-03
0.028485743	-76.5023E-03
0.028735618	+3.8997E-03
0.028985493	-71.4772E-03
0.029235368	-76.5023E-03
0.029485243	+3.8997E-03
0.029735118	-76.5023E-03
0.029984992	+3.8997E-03
0.030234867	-71.4772E-03
0.030484742	-151.8792E-03
0.030734617	+3.8997E-03
0.030984492	+3.8997E-03
0.031234367	+84.3017E-03
0.031484242	-71.4772E-03
0.031734117	-71.4772E-03
0.031983992	+3.8997E-03
0.032233867	+3.8997E-03
0.032483742	-76.5023E-03
0.032733617	-76.5023E-03
0.032983492	+84.3017E-03
0.033233367	-71.4772E-03
0.033483242	+84.3017E-03
0.033733117	+3.8997E-03
0.033982991	+84.3017E-03
0.034232866	-76.5023E-03
0.034482741	+3.8997E-03
0.034732616	-71.4772E-03
0.034982491	-76.5023E-03
0.035232366	-76.5023E-03
0.035482241	-71.4772E-03
0.035732116	+3.8997E-03
0.035981991	-71.4772E-03
0.036231866	+84.3017E-03
0.036481741	+3.8997E-03
0.036731616	-76.5023E-03
0.036981491	+3.8997E-03
0.037231366	+3.8997E-03
0.037481241	-71.4772E-03
0.037731116	-151.8792E-03
0.03798099	+3.8997E-03
0.038230865	-71.4772E-03
0.03848074	+3.8997E-03
0.038730615	+3.8997E-03
0.03898049	-76.5023E-03
0.039230365	+3.8997E-03
0.03948024	+84.3017E-03
0.039730115	+3.8997E-03
0.03997999	-76.5023E-03
0.040229865	+3.8997E-03
0.04047974	+3.8997E-03
0.040729615	-76.5023E-03
0.04097949	+84.3017E-03
0.041229365	-156.9043E-03
0.04147924	-76.5023E-03
0.041729115	+8.9248E-03
0.041978989	+3.8997E-03
0.042228864	-76.5023E-03
0.042478739	-76.5023E-03
0.042728614	-71.4772E-03
0.042978489	-76.5023E-03
0.043228364	-151.8792E-03
0.043478239	-71.4772E-03
0.043728114	+3.8997E-03
0.043977989	-71.4772E-03
0.044227864	-76.5023E-03
0.044477739	-71.4772E-03
0.044727614	+3.8997E-03
0.044977489	-76.5023E-03
0.045227364	-71.4772E-03
0.045477239	+3.8997E-03
0.045727114	+3.8997E-03
0.045976988	-71.4772E-03
0.046226863	-156.9043E-03
0.046476738	-71.4772E-03
0.046726613	+3.8997E-03
0.046976488	+3.8997E-03
0.047226363	+3.8997E-03
0.047476238	-71.4772E-03
0.047726113	+3.8997E-03
0.047975988	-76.5023E-03
0.048225863	+84.3017E-03
0.048475738	-151.8792E-03
0.048725613	-71.4772E-03
0.048975488	-71.4772E-03
0.049225363	-71.4772E-03
0.049475238	-71.4772E-03
0.049725113	+3.8997E-03
0.049974987	-76.5023E-03
0.050224862	-76.5023E-03
0.050474737	+3.8997E-03
0.050724612	+3.8997E-03
0.050974487	-71.4772E-03
0.051224362	-76.5023E-03
0.051474237	+3.8997E-03
0.051724112	-71.4772E-03
0.051973987	-71.4772E-03
0.052223862	-71.4772E-03
0.052473737	-76.5023E-03
0.052723612	-71.4772E-03
0.052973487	+3.8997E-03
0.053223362	-76.5023E-03
0.053473237	+8.9248E-03
0.053723112	+3.8997E-03
0.053972986	-156.9043E-03
0.054222861	-151.8792E-03
0.054472736	-71.4772E-03
0.054722611	-76.5023E-03
0.054972486	-76.5023E-03
0.055222361	-76.5023E-03
0.055472236	+3.8997E-03
0.055722111	-76.5023E-03
0.055971986	+3.8997E-03
0.056221861	-151.8792E-03
0.056471736	-76.5023E-03
0.056721611	-76.5023E-03
0.056971486	-76.5023E-03
0.057221361	-76.5023E-03
0.057471236	-76.5023E-03
0.057721111	+3.8997E-03
0.057970985	-76.5023E-03
0.05822086	+3.8997E-03
0.058470735	+3.8997E-03
0.05872061	+3.8997E-03
0.058970485	-76.5023E-03
0.05922036	-151.8792E-03
0.059470235	+3.8997E-03
0.05972011	-151.8792E-03
0.059969985	-76.5023E-03
0.06021986	-76.5023E-03
0.060469735	+3.8997E-03
0.06071961	-71.4772E-03
0.060969485	-76.5023E-03
0.06121936	+3.8997E-03
0.061469235	+84.3017E-03
0.06171911	+3.8997E-03
0.061968984	+8.9248E-03
0.062218859	+3.8997E-03
0.062468734	-71.4772E-03
0.062718609	+84.3017E-03
0.062968484	+3.8997E-03
0.063218359	+3.8997E-03
0.063468234	+3.8997E-03
0.063718109	+3.8997E-03
0.063967984	+3.8997E-03
0.064217859	+3.8997E-03
0.064467734	+8.9248E-03
0.064717609	+3.8997E-03
0.064967484	+84.3017E-03
0.065217359	+3.8997E-03
0.065467234	+8.9248E-03
0.065717109	+3.8997E-03
0.065966983	-76.5023E-03
0.066216858	+3.8997E-03
0.066466733	-76.5023E-03
0.066716608	+8.9248E-03
0.066966483	+3.8997E-03
0.067216358	-151.8792E-03
0.067466233	+3.8997E-03
0.067716108	+3.8997E-03
0.067965983	+3.8997E-03
0.068215858	+3.8997E-03
0.068465733	-76.5023E-03
0.068715608	+3.8997E-03
0.068965483	+8.9248E-03
0.069215358	-151.8792E-03
0.069465233	-156.9043E-03
0.069715108	-71.4772E-03
0.069964982	-151.8792E-03
0.070214857	-76.5023E-03
0.070464732	+3.8997E-03
0.070714607	+3.8997E-03
0.070964482	+8.9248E-03
0.071214357	-151.8792E-03
0.071464232	+84.3017E-03
0.071714107	-76.5023E-03
0.071963982	+3.8997E-03
0.072213857	-76.5023E-03
0.072463732	-151.8792E-03
0.072713607	+84.3017E-03
0.072963482	-151.8792E-03
0.073213357	-76.5023E-03
0.073463232	+84.3017E-03
0.073713107	+3.8997E-03
0.073962981	+84.3017E-03
0.074212856	-151.8792E-03
0.074462731	-151.8792E-03
0.074712606	+3.8997E-03
0.074962481	+3.8997E-03
0.075212356	-76.5023E-03
0.075462231	+3.8997E-03
0.075712106	-76.5023E-03
0.075961981	+3.8997E-03
0.076211856	+84.3017E-03
0.076461731	+3.8997E-03
0.076711606	-71.4772E-03
0.076961481	+84.3017E-03
0.077211356	-76.5023E-03
0.077461231	+3.8997E-03
0.077711106	-76.5023E-03
0.07796098	-76.5023E-03
0.078210855	-76.5023E-03
0.07846073	+3.8997E-03
0.078710605	+3.8997E-03
0.07896048	-76.5023E-03
0.079210355	+3.8997E-03
0.07946023	-151.8792E-03
0.079710105	-151.8792E-03
0.07995998	+3.8997E-03
0.080209855	+3.8997E-03
0.08045973	+3.8997E-03
0.080709605	-71.4772E-03
0.08095948	+3.8997E-03
0.081209355	-76.5023E-03
0.08145923	-76.5023E-03
0.081709105	+3.8997E-03
0.081958979	-76.5023E-03
0.082208854	-76.5023E-03
0.082458729	-151.8792E-03
0.082708604	-71.4772E-03
0.082958479	+3.8997E-03
0.083208354	+3.8997E-03
0.083458229	-76.5023E-03
0.083708104	-71.4772E-03
0.083957979	+3.8997E-03
0.084207854	+3.8997E-03
0.084457729	-76.5023E-03
0.084707604	+3.8997E-03
0.084957479	+84.3017E-03
0.085207354	+3.8997E-03
0.085457229	+3.8997E-03
0.085707104	-71.4772E-03
0.085956978	-76.5023E-03
0.086206853	+84.3017E-03
0.086456728	-76.5023E-03
0.086706603	+3.8997E-03
0.086956478	+3.8997E-03
0.087206353	+3.8997E-03
0.087456228	+3.8997E-03
0.087706103	+3.8997E-03
0.087955978	-76.5023E-03
0.088205853	+84.3017E-03
0.088455728	-71.4772E-03
0.088705603	+3.8997E-03
0.088955478	-71.4772E-03
0.089205353	-76.5023E-03
0.089455228	-76.5023E-03
0.089705103	-76.5023E-03
0.089954977	+3.8997E-03
0.090204852	+3.8997E-03
0.090454727	-151.8792E-03
0.090704602	-151.8792E-03
0.090954477	-76.5023E-03
0.091204352	+8.9248E-03
0.091454227	+3.8997E-03
0.091704102	-71.4772E-03
0.091953977	+3.8997E-03
0.092203852	-71.4772E-03
0.092453727	+8.9248E-03
0.092703602	+3.8997E-03
0.092953477	-76.5023E-03
0.093203352	-71.4772E-03
0.093453227	-71.4772E-03
0.093703102	+3.8997E-03
0.093952976	-76.5023E-03
0.094202851	-76.5023E-03
0.094452726	+3.8997E-03
0.094702601	-71.4772E-03
0.094952476	+3.8997E-03
0.095202351	-76.5023E-03
0.095452226	-76.5023E-03
0.095702101	-76.5023E-03
0.095951976	+3.8997E-03
0.096201851	-76.5023E-03
0.096451726	-76.5023E-03
0.096701601	-76.5023E-03
0.096951476	-71.4772E-03
0.097201351	+3.8997E-03
0.097451226	-71.4772E-03
0.097701101	-151.8792E-03
0.097950975	-151.8792E-03
0.09820085	+3.8997E-03
0.098450725	+3.8997E-03
0.0987006	-71.4772E-03
0.098950475	-71.4772E-03
0.09920035	+3.8997E-03
0.099450225	+3.8997E-03
0.0997001	-76.5023E-03
0.099949975	-71.4772E-03
0.10019985	-71.4772E-03
0.100449725	+3.8997E-03
0.1006996	+3.8997E-03
0.100949475	+3.8997E-03
0.10119935	+3.8997E-03
0.101449225	-71.4772E-03
0.1016991	+3.8997E-03
0.101948974	-151.8792E-03
0.102198849	+84.3017E-03
0.102448724	+3.8997E-03
0.102698599	-151.8792E-03
0.102948474	+3.8997E-03
0.103198349	-71.4772E-03
0.103448224	+3.8997E-03
0.103698099	+3.8997E-03
0.103947974	-71.4772E-03
0.104197849	-76.5023E-03
0.104447724	-71.4772E-03
0.104697599	-76.5023E-03
0.104947474	+3.8997E-03
0.105197349	+3.8997E-03
0.105447224	-156.9043E-03
0.105697099	+3.8997E-03
0.105946973	-151.8792E-03
0.106196848	-71.4772E-03
0.106446723	+3.8997E-03
0.106696598	-76.5023E-03
0.106946473	-156.9043E-03
0.107196348	+3.8997E-03
0.107446223	-76.5023E-03
0.107696098	-71.4772E-03
0.107945973	+3.8997E-03
0.108195848	-71.4772E-03
0.108445723	-71.4772E-03
0.108695598	+3.8997E-03
0.108945473	-76.5023E-03
0.109195348	+3.8997E-03
0.109445223	-71.4772E-03
0.109695098	-76.5023E-03
0.109944972	-71.4772E-03
0.110194847	-76.5023E-03
0.110444722	-71.4772E-03
0.110694597	+3.8997E-03
0.110944472	+3.8997E-03
0.111194347	+3.8997E-03
0.111444222	+84.3017E-03
0.111694097	+3.8997E-03
0.111943972	-76.5023E-03
0.112193847	+3.8997E-03
0.112443722	+84.3017E-03
0.112693597	-76.5023E-03
0.112943472	-71.4772E-03
0.113193347	-71.4772E-03
0.113443222	+3.8997E-03
0.113693097	-71.4772E-03
0.113942971	-76.5023E-03
0.114192846	+8.9248E-03
0.114442721	-76.5023E-03
0.114692596	-76.5023E-03
0.114942471	-71.4772E-03
0.115192346	+3.8997E-03
0.115442221	+8.9248E-03
0.115692096	+3.8997E-03
0.115941971	-71.4772E-03
0.116191846	+84.3017E-03
0.116441721	-76.5023E-03
0.116691596	-71.4772E-03
0.116941471	+8.9248E-03
0.117191346	+3.8997E-03
0.117441221	+3.8997E-03
0.117691096	+3.8997E-03
0.11794097	-76.5023E-03
0.118190845	+3.8997E-03
0.11844072	-76.5023E-03
0.118690595	-71.4772E-03
0.11894047	-76.5023E-03
0.119190345	+3.8997E-03
0.11944022	-71.4772E-03
0.119690095	+84.3017E-03
0.11993997	-76.5023E-03
0.120189845	-76.5023E-03
0.12043972	-71.4772E-03
0.120689595	+84.3017E-03
0.12093947	+3.8997E-03
0.121189345	+84.3017E-03
0.12143922	-71.4772E-03
0.121689095	+3.8997E-03
0.121938969	+3.8997E-03
0.122188844	+8.9248E-03
0.122438719	-76.5023E-03
0.122688594	-71.4772E-03
0.122938469	-76.5023E-03
0.123188344	+84.3017E-03
0.123438219	-71.4772E-03
0.123688094	-71.4772E-03
0.123937969	+84.3017E-03
0.124187844	-76.5023E-03
0.124437719	-71.4772E-03
0.124687594	-71.4772E-03
0.124937469	-76.5023E-03
0.125187344	+3.8997E-03
0.125437219	-71.4772E-03
0.125687094	+8.9248E-03
0.125936968	-71.4772E-03
0.126186843	+3.8997E-03
0.126436718	-71.4772E-03
0.126686593	-71.4772E-03
0.126936468	+3.8997E-03
0.127186343	+3.8997E-03
0.127436218	-71.4772E-03
0.127686093	-76.5023E-03
0.127935968	-71.4772E-03
0.128185843	-76.5023E-03
0.128435718	+3.8997E-03
0.128685593	+3.8997E-03
0.128935468	+3.8997E-03
0.129185343	+3.8997E-03
0.129435218	+3.8997E-03
0.129685093	+3.8997E-03
0.129934967	+3.8997E-03
0.130184842	-151.8792E-03
0.130434717	+3.8997E-03
0.130684592	+3.8997E-03
0.130934467	-76.5023E-03
0.131184342	+3.8997E-03
0.131434217	+3.8997E-03
0.131684092	-76.5023E-03
0.131933967	+3.8997E-03
0.132183842	+3.8997E-03
0.132433717	-76.5023E-03
0.132683592	-76.5023E-03
0.132933467	+3.8997E-03
0.133183342	-71.4772E-03
0.133433217	-76.5023E-03
0.133683092	-71.4772E-03
0.133932966	+3.8997E-03
0.134182841	+84.3017E-03
0.134432716	-76.5023E-03
0.134682591	+3.8997E-03
0.134932466	-76.5023E-03
0.135182341	-76.5023E-03
0.135432216	+84.3017E-03
0.135682091	-71.4772E-03
0.135931966	+3.8997E-03
0.136181841	-71.4772E-03
0.136431716	+3.8997E-03
0.136681591	-71.4772E-03
0.136931466	+8.9248E-03
0.137181341	+3.8997E-03
0.137431216	+3.8997E-03
0.137681091	-71.4772E-03
0.137930965	-76.5023E-03
0.13818084	+3.8997E-03
0.138430715	+164.7037E-03
0.13868059	-76.5023E-03
0.138930465	+3.8997E-03
0.13918034	-71.4772E-03
0.139430215	-71.4772E-03
0.13968009	+3.8997E-03
0.139929965	-71.4772E-03
0.14017984	-71.4772E-03
0.140429715	-71.4772E-03
0.14067959	-76.5023E-03
0.140929465	-151.8792E-03
0.14117934	-76.5023E-03
0.141429215	+3.8997E-03
0.14167909	-71.4772E-03
0.141928964	-71.4772E-03
0.142178839	+3.8997E-03
0.142428714	+84.3017E-03
0.142678589	+3.8997E-03
0.142928464	+8.9248E-03
0.143178339	+8.9248E-03
0.143428214	+3.8997E-03
0.143678089	+8.9248E-03
0.143927964	+8.9248E-03
0.144177839	-71.4772E-03
0.144427714	+3.8997E-03
0.144677589	+84.3017E-03
0.144927464	-71.4772E-03
0.145177339	+84.3017E-03
0.145427214	+84.3017E-03
0.145677089	-76.5023E-03
0.145926963	+84.3017E-03
0.146176838	+8.9248E-03
0.146426713	+3.8997E-03
0.146676588	+3.8997E-03
0.146926463	+84.3017E-03
0.147176338	+8.9248E-03
0.147426213	+3.8997E-03
0.147676088	+84.3017E-03
0.147925963	+164.7037E-03
0.148175838	+405.9098E-03
0.148425713	+1.0541510E+00
0.148675588	+2.0943519E+00
0.148925463	+3.3807841E+00
0.149175338	+3.9486233E+00
0.149425213	+4.1848042E+00
0.149675088	+4.4260102E+00
0.149924962	+4.6672162E+00
0.150174837	+4.8229951E+00
0.150424712	+4.7476183E+00
0.150674587	+4.5868142E+00
0.150924462	+4.5064122E+00
0.151174337	+4.5064122E+00
0.151424212	+2.7375680E+00
0.151674087	+1.0491258E+00
0.151923962	+405.9098E-03
0.152173837	+245.1057E-03
0.152423712	+3.8997E-03
0.152673587	+8.9248E-03
0.152923462	+3.8997E-03
0.153173337	+3.8997E-03
0.153423212	-76.5023E-03
0.153673087	+3.8997E-03
0.153922961	-71.4772E-03
0.154172836	+84.3017E-03
0.154422711	+3.8997E-03
0.154672586	+3.8997E-03
0.154922461	+3.8997E-03
0.155172336	-76.5023E-03
0.155422211	+3.8997E-03
0.155672086	+3.8997E-03
0.155921961	-71.4772E-03
0.156171836	+3.8997E-03
0.156421711	+3.8997E-03
0.156671586	+3.8997E-03
0.156921461	-151.8792E-03
0.157171336	+84.3017E-03
0.157421211	-76.5023E-03
0.157671086	+3.8997E-03
0.15792096	+84.3017E-03
0.158170835	+3.8997E-03
0.15842071	-76.5023E-03
0.158670585	+3.8997E-03
0.15892046	+3.8997E-03
0.159170335	-71.4772E-03
0.15942021	-151.8792E-03
0.159670085	+3.8997E-03
0.15991996	-76.5023E-03
0.160169835	+3.8997E-03
0.16041971	-71.4772E-03
0.160669585	-76.5023E-03
0.16091946	-151.8792E-03
0.161169335	+3.8997E-03
0.16141921	-76.5023E-03
0.161669085	-71.4772E-03
0.161918959	-71.4772E-03
0.162168834	-76.5023E-03
0.162418709	+3.8997E-03
0.162668584	+3.8997E-03
0.162918459	+3.8997E-03
0.163168334	-71.4772E-03
0.163418209	-71.4772E-03
0.163668084	+84.3017E-03
0.163917959	-71.4772E-03
0.164167834	+3.8997E-03
0.164417709	-76.5023E-03
0.164667584	-76.5023E-03
0.164917459	-76.5023E-03
0.165167334	-71.4772E-03
0.165417209	+3.8997E-03
0.165667084	-76.5023E-03
0.165916958	-71.4772E-03
0.166166833	-71.4772E-03
0.166416708	-71.4772E-03
0.166666583	-71.4772E-03
0.166916458	+84.3017E-03
0.167166333	-71.4772E-03
0.167416208	-76.5023E-03
0.167666083	-71.4772E-03
0.167915958	+3.8997E-03
0.168165833	+3.8997E-03
0.168415708	-76.5023E-03
0.168665583	-76.5023E-03
0.168915458	+84.3017E-03
0.169165333	+3.8997E-03
0.169415208	-76.5023E-03
0.169665083	-76.5023E-03
0.169914957	-151.8792E-03
0.170164832	-151.8792E-03
0.170414707	+8.9248E-03
0.170664582	-76.5023E-03
0.170914457	-71.4772E-03
0.171164332	+3.8997E-03
0.171414207	+3.8997E-03
0.171664082	+3.8997E-03
0.171913957	+3.8997E-03
0.172163832	-71.4772E-03
0.172413707	-76.5023E-03
0.172663582	-76.5023E-03
0.172913457	-71.4772E-03
0.173163332	+3.8997E-03
0.173413207	-76.5023E-03
0.173663082	-151.8792E-03
0.173912956	+84.3017E-03
0.174162831	+3.8997E-03
0.174412706	-71.4772E-03
0.174662581	-71.4772E-03
0.174912456	-71.4772E-03
0.175162331	+3.8997E-03
0.175412206	+3.8997E-03
0.175662081	+3.8997E-03
0.175911956	-76.5023E-03
0.176161831	+3.8997E-03
0.176411706	-71.4772E-03
0.176661581	+3.8997E-03
0.176911456	-76.5023E-03
0.177161331	+164.7037E-03
0.177411206	+3.8997E-03
0.177661081	-71.4772E-03
0.177910955	-151.8792E-03
0.17816083	-76.5023E-03
0.178410705	+3.8997E-03
0.17866058	-76.5023E-03
0.178910455	-76.5023E-03
0.17916033	-76.5023E-03
0.179410205	-76.5023E-03
0.17966008	-76.5023E-03
0.179909955	+3.8997E-03
0.18015983	-71.4772E-03
0.180409705	+84.3017E-03
0.18065958	-76.5023E-03
0.180909455	-151.8792E-03
0.18115933	-76.5023E-03
0.181409205	+3.8997E-03
0.18165908	-71.4772E-03
0.181908954	+3.8997E-03
0.182158829	-76.5023E-03
0.182408704	+164.7037E-03
0.182658579	-151.8792E-03
0.182908454	-76.5023E-03
0.183158329	+3.8997E-03
0.183408204	-151.8792E-03
0.183658079	+3.8997E-03
0.183907954	+3.8997E-03
0.184157829	+3.8997E-03
0.184407704	+3.8997E-03
0.184657579	+3.8997E-03
0.184907454	+3.8997E-03
0.185157329	-151.8792E-03
0.185407204	+3.8997E-03
0.185657079	+3.8997E-03
0.185906953	+3.8997E-03
0.186156828	-71.4772E-03
0.186406703	-76.5023E-03
0.186656578	+3.8997E-03
0.186906453	+8.9248E-03
0.187156328	+3.8997E-03
0.187406203	+3.8997E-03
0.187656078	-71.4772E-03
0.187905953	-156.9043E-03
0.188155828	-71.4772E-03
0.188405703	+3.8997E-03
0.188655578	+3.8997E-03
0.188905453	+3.8997E-03
0.189155328	-71.4772E-03
0.189405203	+84.3017E-03
0.189655078	-71.4772E-03
0.189904952	-76.5023E-03
0.190154827	-76.5023E-03
0.190404702	+3.8997E-03
0.190654577	+3.8997E-03
0.190904452	-76.5023E-03
0.191154327	+3.8997E-03
0.191404202	+3.8997E-03
0.191654077	+3.8997E-03
0.191903952	-71.4772E-03
0.192153827	+3.8997E-03
0.192403702	+3.8997E-03
0.192653577	-71.4772E-03
0.192903452	-76.5023E-03
0.193153327	-76.5023E-03
0.193403202	+3.8997E-03
0.193653077	-76.5023E-03
0.193902951	+3.8997E-03
0.194152826	+3.8997E-03
0.194402701	-76.5023E-03
0.194652576	-76.5023E-03
0.194902451	-71.4772E-03
0.195152326	+84.3017E-03
0.195402201	+3.8997E-03
0.195652076	-71.4772E-03
0.195901951	+3.8997E-03
0.196151826	+3.8997E-03
0.196401701	-71.4772E-03
0.196651576	-76.5023E-03
0.196901451	-76.5023E-03
0.197151326	-71.4772E-03
0.197401201	-71.4772E-03
0.197651076	-71.4772E-03
0.19790095	-71.4772E-03
0.198150825	-76.5023E-03
0.1984007	-151.8792E-03
0.198650575	-76.5023E-03
0.19890045	-71.4772E-03
0.199150325	-76.5023E-03
0.1994002	+3.8997E-03
0.199650075	-71.4772E-03
0.19989995	-71.4772E-03
0.200149825	-151.8792E-03
0.2003997	-76.5023E-03
0.200649575	+3.8997E-03
0.20089945	+3.8997E-03
0.201149325	-76.5023E-03
0.2013992	+3.8997E-03
0.201649075	+3.8997E-03
0.201898949	+3.8997E-03
0.202148824	-151.8792E-03
0.202398699	+3.8997E-03
0.202648574	-76.5023E-03
0.202898449	-71.4772E-03
0.203148324	+3.8997E-03
0.203398199	+3.8997E-03
0.203648074	-76.5023E-03
0.203897949	+3.8997E-03
0.204147824	+3.8997E-03
0.204397699	-151.8792E-03
0.204647574	-76.5023E-03
0.204897449	+3.8997E-03
0.205147324	+84.3017E-03
0.205397199	-76.5023E-03
0.205647074	-71.4772E-03
0.205896948	+3.8997E-03
0.206146823	-71.4772E-03
0.206396698	+3.8997E-03
0.206646573	-76.5023E-03
0.206896448	+3.8997E-03
0.207146323	-71.4772E-03
0.207396198	+3.8997E-03
0.207646073	+3.8997E-03
0.207895948	+3.8997E-03
0.208145823	+3.8997E-03
0.208395698	+3.8997E-03
0.208645573	+3.8997E-03
0.208895448	-76.5023E-03
0.209145323	-76.5023E-03
0.209395198	-76.5023E-03
0.209645073	-156.9043E-03
0.209894947	+3.8997E-03
0.210144822	+3.8997E-03
0.210394697	-232.2812E-03
0.210644572	+3.8997E-03
0.210894447	-71.4772E-03
0.211144322	+3.8997E-03
0.211394197	+3.8997E-03
0.211644072	-76.5023E-03
0.211893947	+3.8997E-03
0.212143822	-76.5023E-03
0.212393697	+3.8997E-03
0.212643572	-71.4772E-03
0.212893447	+3.8997E-03
0.213143322	-76.5023E-03
0.213393197	+3.8997E-03
0.213643072	-76.5023E-03
0.213892946	-71.4772E-03
0.214142821	-71.4772E-03
0.214392696	-76.5023E-03
0.214642571	-76.5023E-03
0.214892446	-151.8792E-03
0.215142321	+3.8997E-03
0.215392196	+84.3017E-03
0.215642071	-151.8792E-03
0.215891946	-232.2812E-03
0.216141821	-76.5023E-03
0.216391696	+3.8997E-03
0.216641571	-76.5023E-03
0.216891446	+3.8997E-03
0.217141321	-76.5023E-03
0.217391196	+3.8997E-03
0.217641071	-76.5023E-03
0.217890945	+84.3017E-03
0.21814082	-71.4772E-03
0.218390695	-76.5023E-03
0.21864057	+84.3017E-03
0.218890445	-71.4772E-03
0.21914032	-71.4772E-03
0.219390195	+3.8997E-03
0.21964007	+3.8997E-03
0.219889945	-76.5023E-03
0.22013982	+3.8997E-03
0.220389695	+3.8997E-03
0.22063957	+3.8997E-03
0.220889445	-76.5023E-03
0.22113932	-151.8792E-03
0.221389195	-71.4772E-03
0.22163907	-71.4772E-03
0.221888944	-71.4772E-03
0.222138819	+84.3017E-03
0.222388694	-76.5023E-03
0.222638569	-76.5023E-03
0.222888444	-76.5023E-03
0.223138319	-71.4772E-03
0.223388194	-76.5023E-03
0.223638069	-151.8792E-03
0.223887944	-71.4772E-03
0.224137819	+3.8997E-03
0.224387694	-71.4772E-03
0.224637569	+3.8997E-03
0.224887444	+8.9248E-03
0.225137319	+3.8997E-03
0.225387194	-76.5023E-03
0.225637069	-156.9043E-03
0.225886943	+3.8997E-03
0.226136818	-76.5023E-03
0.226386693	+3.8997E-03
0.226636568	+3.8997E-03
0.226886443	+3.8997E-03
0.227136318	-76.5023E-03
0.227386193	-76.5023E-03
0.227636068	-76.5023E-03
0.227885943	-76.5023E-03
0.228135818	+84.3017E-03
0.228385693	-76.5023E-03
0.228635568	-76.5023E-03
0.228885443	-71.4772E-03
0.229135318	+84.3017E-03
0.229385193	+3.8997E-03
0.229635068	+84.3017E-03
0.229884942	-71.4772E-03
0.230134817	+3.8997E-03
0.230384692	+3.8997E-03
0.230634567	-151.8792E-03
0.230884442	-151.8792E-03
0.231134317	+3.8997E-03
0.231384192	-76.5023E-03
0.231634067	+3.8997E-03
0.231883942	-71.4772E-03
0.232133817	+3.8997E-03
0.232383692	-151.8792E-03
0.232633567	+3.8997E-03
0.232883442	-76.5023E-03
0.233133317	+3.8997E-03
0.233383192	+3.8997E-03
0.233633067	-76.5023E-03
0.233882941	+3.8997E-03
0.234132816	-76.5023E-03
0.234382691	-71.4772E-03
0.234632566	+3.8997E-03
0.234882441	+3.8997E-03
0.235132316	+3.8997E-03
0.235382191	+8.9248E-03
0.235632066	-71.4772E-03
0.235881941	+3.8997E-03
0.236131816	+3.8997E-03
0.236381691	+84.3017E-03
0.236631566	-71.4772E-03
0.236881441	-71.4772E-03
0.237131316	-71.4772E-03
0.237381191	+3.8997E-03
0.237631066	+3.8997E-03
0.23788094	+3.8997E-03
0.238130815	+3.8997E-03
0.23838069	-76.5023E-03
0.238630565	-71.4772E-03
0.23888044	+3.8997E-03
0.239130315	+3.8997E-03
0.23938019	+3.8997E-03
0.239630065	-71.4772E-03
0.23987994	-76.5023E-03
0.240129815	+3.8997E-03
0.24037969	+3.8997E-03
0.240629565	-151.8792E-03
0.24087944	-71.4772E-03
0.241129315	-76.5023E-03
0.24137919	-71.4772E-03
0.241629065	+3.8997E-03
0.241878939	+3.8997E-03
0.242128814	-151.8792E-03
0.242378689	+84.3017E-03
0.242628564	-76.5023E-03
0.242878439	-151.8792E-03
0.243128314	+3.8997E-03
0.243378189	-71.4772E-03
0.243628064	-151.8792E-03
0.243877939	-71.4772E-03
0.244127814	-71.4772E-03
0.244377689	-76.5023E-03
0.244627564	-76.5023E-03
0.244877439	+3.8997E-03
0.245127314	-71.4772E-03
0.245377189	-151.8792E-03
0.245627064	-76.5023E-03
0.245876938	-71.4772E-03
0.246126813	+3.8997E-03
0.246376688	+3.8997E-03
0.246626563	+3.8997E-03
0.246876438	-71.4772E-03
0.247126313	+3.8997E-03
0.247376188	+164.7037E-03
0.247626063	+3.8997E-03
0.247875938	-76.5023E-03
0.248125813	+3.8997E-03
0.248375688	+8.9248E-03
0.248625563	+3.8997E-03
0.248875438	-151.8792E-03
0.249125313	-76.5023E-03
0.249375188	-151.8792E-03
0.249625063	-71.4772E-03
0.249874937	-76.5023E-03
0.250124812	-151.8792E-03
0.250374687	+3.8997E-03
0.250624562	-76.5023E-03
0.250874437	-151.8792E-03
0.251124312	-151.8792E-03
0.251374187	+3.8997E-03
0.251624062	-71.4772E-03
0.251873937	+3.8997E-03
0.252123812	+3.8997E-03
0.252373687	-71.4772E-03
0.252623562	-76.5023E-03
0.252873437	-76.5023E-03
0.253123312	+3.8997E-03
0.253373187	+3.8997E-03
0.253623062	+84.3017E-03
0.253872936	-76.5023E-03
0.254122811	+3.8997E-03
0.254372686	-76.5023E-03
0.254622561	+3.8997E-03
0.254872436	-76.5023E-03
0.255122311	+3.8997E-03
0.255372186	-76.5023E-03
0.255622061	-76.5023E-03
0.255871936	-76.5023E-03
0.256121811	-71.4772E-03
0.256371686	-76.5023E-03
0.256621561	+3.8997E-03
0.256871436	-71.4772E-03
0.257121311	+3.8997E-03
0.257371186	+3.8997E-03
0.257621061	-71.4772E-03
0.257870935	+3.8997E-03
0.25812081	-71.4772E-03
0.258370685	+84.3017E-03
0.25862056	+3.8997E-03
0.258870435	+84.3017E-03
0.25912031	-76.5023E-03
0.259370185	+3.8997E-03
0.25962006	-76.5023E-03
0.259869935	-71.4772E-03
0.26011981	+8.9248E-03
0.260369685	-71.4772E-03
0.26061956	-71.4772E-03
0.260869435	+8.9248E-03
0.26111931	-76.5023E-03
0.261369185	-76.5023E-03
0.26161906	-151.8792E-03
0.261868934	-71.4772E-03
0.262118809	-76.5023E-03
0.262368684	+3.8997E-03
0.262618559	-71.4772E-03
0.262868434	-76.5023E-03
0.263118309	-71.4772E-03
0.263368184	+84.3017E-03
0.263618059	-71.4772E-03
0.263867934	+3.8997E-03
0.264117809	-151.8792E-03
0.264367684	-71.4772E-03
0.264617559	+3.8997E-03
0.264867434	+3.8997E-03
0.265117309	+3.8997E-03
0.265367184	+3.8997E-03
0.265617059	+3.8997E-03
0.265866933	-151.8792E-03
0.266116808	+84.3017E-03
0.266366683	-71.4772E-03
0.266616558	-76.5023E-03
0.266866433	+3.8997E-03
0.267116308	-76.5023E-03
0.267366183	+3.8997E-03
0.267616058	-151.8792E-03
0.267865933	+3.8997E-03
0.268115808	-71.4772E-03
0.268365683	-76.5023E-03
0.268615558	-71.4772E-03
0.268865433	-71.4772E-03
0.269115308	-71.4772E-03
0.269365183	-151.8792E-03
0.269615058	+3.8997E-03
0.269864932	+3.8997E-03
0.270114807	-151.8792E-03
0.270364682	-71.4772E-03
0.270614557	-76.5023E-03
0.270864432	-151.8792E-03
0.271114307	-71.4772E-03
0.271364182	-76.5023E-03
0.271614057	-71.4772E-03
0.271863932	+3.8997E-03
0.272113807	+3.8997E-03
0.272363682	+3.8997E-03
0.272613557	+3.8997E-03
0.272863432	-71.4772E-03
0.273113307	-71.4772E-03
0.273363182	-76.5023E-03
0.273613057	-76.5023E-03
0.273862931	-71.4772E-03
0.274112806	-76.5023E-03
0.274362681	-151.8792E-03
0.274612556	-76.5023E-03
0.274862431	-76.5023E-03
0.275112306	-151.8792E-03
0.275362181	-232.2812E-03
0.275612056	-71.4772E-03
0.275861931	+3.8997E-03
0.276111806	-76.5023E-03
0.276361681	-71.4772E-03
0.276611556	+8.9248E-03
0.276861431	+3.8997E-03
0.277111306	-151.8792E-03
0.277361181	-71.4772E-03
0.277611056	-76.5023E-03
0.27786093	+3.8997E-03
0.278110805	-156.9043E-03
0.27836068	-151.8792E-03
0.278610555	+3.8997E-03
0.27886043	-71.4772E-03
0.279110305	+3.8997E-03
0.27936018	+84.3017E-03
0.279610055	+3.8997E-03
0.27985993	+3.8997E-03
0.280109805	-76.5023E-03
0.28035968	+3.8997E-03
0.280609555	-71.4772E-03
0.28085943	-71.4772E-03
0.281109305	+3.8997E-03
0.28135918	+164.7037E-03
0.281609055	+8.9248E-03
0.281858929	+3.8997E-03
0.282108804	-76.5023E-03
0.282358679	+3.8997E-03
0.282608554	+164.7037E-03
0.282858429	-151.8792E-03
0.283108304	-76.5023E-03
0.283358179	+3.8997E-03
0.283608054	+3.8997E-03
0.283857929	-71.4772E-03
0.284107804	-76.5023E-03
0.284357679	-151.8792E-03
0.284607554	+8.9248E-03
0.284857429	-76.5023E-03
0.285107304	-71.4772E-03
0.285357179	+3.8997E-03
0.285607054	+3.8997E-03
0.285856928	+3.8997E-03
0.286106803	+3.8997E-03
0.286356678	-71.4772E-03
0.286606553	-76.5023E-03
0.286856428	-71.4772E-03
0.287106303	-76.5023E-03
0.287356178	-76.5023E-03
0.287606053	-71.4772E-03
0.287855928	-71.4772E-03
0.288105803	+84.3017E-03
0.288355678	-71.4772E-03
0.288605553	-76.5023E-03
0.288855428	-76.5023E-03
0.289105303	+84.3017E-03
0.289355178	-76.5023E-03
0.289605053	+3.8997E-03
0.289854927	-71.4772E-03
0.290104802	-76.5023E-03
0.290354677	-76.5023E-03
0.290604552	+3.8997E-03
0.290854427	-151.8792E-03
0.291104302	+8.9248E-03
0.291354177	-76.5023E-03
0.291604052	-76.5023E-03
0.291853927	-76.5023E-03
0.292103802	+3.8997E-03
0.292353677	-76.5023E-03
0.292603552	+3.8997E-03
0.292853427	-76.5023E-03
0.293103302	-156.9043E-03
0.293353177	-76.5023E-03
0.293603052	-76.5023E-03
0.293852926	+8.9248E-03
0.294102801	+164.7037E-03
0.294352676	+3.8997E-03
0.294602551	+3.8997E-03
0.294852426	-76.5023E-03
0.295102301	+3.8997E-03
0.295352176	-76.5023E-03
0.295602051	-71.4772E-03
0.295851926	-76.5023E-03
0.296101801	-151.8792E-03
0.296351676	+3.8997E-03
0.296601551	+3.8997E-03
0.296851426	-76.5023E-03
0.297101301	+3.8997E-03
0.297351176	-71.4772E-03
0.297601051	+3.8997E-03
0.297850925	-71.4772E-03
0.2981008	-76.5023E-03
0.298350675	+3.8997E-03
0.29860055	+3.8997E-03
0.298850425	-71.4772E-03
0.2991003	+3.8997E-03
0.299350175	-151.8792E-03
0.29960005	-151.8792E-03
0.299849925	+3.8997E-03
0.3000998	-76.5023E-03
0.300349675	+164.7037E-03
0.30059955	+8.9248E-03
0.300849425	+3.8997E-03
0.3010993	+3.8997E-03
0.301349175	+3.8997E-03
0.30159905	-71.4772E-03
0.301848924	-151.8792E-03
0.302098799	-71.4772E-03
0.302348674	+3.8997E-03
0.302598549	-76.5023E-03
0.302848424	+8.9248E-03
0.303098299	+84.3017E-03
0.303348174	+3.8997E-03
0.303598049	-232.2812E-03
0.303847924	-76.5023E-03
0.304097799	-71.4772E-03
0.304347674	+8.9248E-03
0.304597549	-71.4772E-03
0.304847424	-151.8792E-03
0.305097299	+3.8997E-03
0.305347174	+3.8997E-03
0.305597049	+3.8997E-03
0.305846923	+8.9248E-03
0.306096798	-232.2812E-03
0.306346673	-71.4772E-03
0.306596548	-76.5023E-03
0.306846423	-76.5023E-03
0.307096298	-71.4772E-03
0.307346173	-76.5023E-03
0.307596048	+3.8997E-03
0.307845923	+3.8997E-03
0.308095798	-71.4772E-03
0.308345673	+3.8997E-03
0.308595548	-151.8792E-03
0.308845423	-76.5023E-03
0.309095298	+8.9248E-03
0.309345173	-151.8792E-03
0.309595048	-76.5023E-03
0.309844922	+3.8997E-03
0.310094797	-76.5023E-03
0.310344672	+3.8997E-03
0.310594547	-76.5023E-03
0.310844422	-71.4772E-03
0.311094297	+3.8997E-03
0.311344172	+3.8997E-03
0.311594047	+84.3017E-03
0.311843922	+3.8997E-03
0.312093797	-76.5023E-03
0.312343672	-71.4772E-03
0.312593547	-76.5023E-03
0.312843422	+8.9248E-03
0.313093297	+8.9248E-03
0.313343172	-71.4772E-03
0.313593047	+3.8997E-03
0.313842921	+84.3017E-03
0.314092796	-76.5023E-03
0.314342671	+3.8997E-03
0.314592546	+3.8997E-03
0.314842421	+164.7037E-03
0.315092296	-151.8792E-03
0.315342171	-151.8792E-03
0.315592046	-151.8792E-03
0.315841921	-76.5023E-03
0.316091796	-76.5023E-03
0.316341671	-76.5023E-03
0.316591546	-71.4772E-03
0.316841421	+3.8997E-03
0.317091296	-76.5023E-03
0.317341171	+3.8997E-03
0.317591046	-76.5023E-03
0.31784092	+3.8997E-03
0.318090795	-71.4772E-03
0.31834067	+3.8997E-03
0.318590545	+8.9248E-03
0.31884042	-76.5023E-03
0.319090295	-76.5023E-03
0.31934017	+84.3017E-03
0.319590045	-76.5023E-03
0.31983992	-76.5023E-03
0.320089795	-76.5023E-03
0.32033967	-151.8792E-03
0.320589545	-71.4772E-03
0.32083942	+3.8997E-03
0.321089295	+3.8997E-03
0.32133917	+3.8997E-03
0.321589045	-71.4772E-03
0.321838919	-71.4772E-03
0.322088794	+3.8997E-03
0.322338669	+3.8997E-03
0.322588544	+3.8997E-03
0.322838419	+3.8997E-03
0.323088294	+8.9248E-03
0.323338169	+3.8997E-03
0.323588044	-71.4772E-03
0.323837919	+3.8997E-03
0.324087794	+3.8997E-03
0.324337669	+3.8997E-03
0.324587544	-71.4772E-03
0.324837419	-76.5023E-03
0.325087294	+3.8997E-03
0.325337169	+3.8997E-03
0.325587044	-76.5023E-03
0.325836918	+84.3017E-03
0.326086793	+3.8997E-03
0.326336668	-71.4772E-03
0.326586543	+3.8997E-03
0.326836418	+3.8997E-03
0.327086293	+84.3017E-03
0.327336168	+84.3017E-03
0.327586043	-71.4772E-03
0.327835918	+3.8997E-03
0.328085793	-76.5023E-03
0.328335668	-76.5023E-03
0.328585543	-71.4772E-03
0.328835418	+84.3017E-03
0.329085293	-71.4772E-03
0.329335168	-76.5023E-03
0.329585043	-71.4772E-03
0.329834917	-76.5023E-03
0.330084792	+3.8997E-03
0.330334667	+3.8997E-03
0.330584542	-76.5023E-03
0.330834417	+3.8997E-03
0.331084292	+3.8997E-03
0.331334167	+3.8997E-03
0.331584042	+3.8997E-03
0.331833917	-71.4772E-03
0.332083792	+3.8997E-03
0.332333667	-76.5023E-03
0.332583542	+3.8997E-03
0.332833417	-71.4772E-03
0.333083292	+3.8997E-03
0.333333167	-76.5023E-03
0.333583042	-71.4772E-03
0.333832916	-71.4772E-03
0.334082791	-71.4772E-03
0.334332666	-76.5023E-03
0.334582541	+3.8997E-03
0.334832416	-71.4772E-03
0.335082291	-71.4772E-03
0.335332166	+3.8997E-03
0.335582041	+3.8997E-03
0.335831916	-76.5023E-03
0.336081791	-71.4772E-03
0.336331666	-76.5023E-03
0.336581541	-71.4772E-03
0.336831416	-71.4772E-03
0.337081291	+3.8997E-03
0.337331166	+84.3017E-03
0.337581041	-71.4772E-03
0.337830915	-76.5023E-03
0.33808079	-76.5023E-03
0.338330665	+3.8997E-03
0.33858054	-71.4772E-03
0.338830415	+8.9248E-03
0.33908029	-76.5023E-03
0.339330165	+3.8997E-03
0.33958004	-76.5023E-03
0.339829915	+3.8997E-03
0.34007979	+84.3017E-03
0.340329665	+3.8997E-03
0.34057954	-76.5023E-03
0.340829415	-71.4772E-03
0.34107929	-76.5023E-03
0.341329165	-76.5023E-03
0.34157904	-76.5023E-03
0.341828914	-71.4772E-03
0.342078789	+3.8997E-03
0.342328664	+8.9248E-03
0.342578539	-156.9043E-03
0.342828414	+3.8997E-03
0.343078289	-71.4772E-03
0.343328164	+84.3017E-03
0.343578039	-76.5023E-03
0.343827914	-71.4772E-03
0.344077789	+3.8997E-03
0.344327664	-151.8792E-03
0.344577539	-71.4772E-03
0.344827414	-76.5023E-03
0.345077289	+3.8997E-03
0.345327164	+3.8997E-03
0.345577039	+3.8997E-03
0.345826913	+3.8997E-03
0.346076788	+84.3017E-03
0.346326663	+3.8997E-03
0.346576538	-71.4772E-03
0.346826413	-76.5023E-03
0.347076288	+3.8997E-03
0.347326163	+84.3017E-03
0.347576038	+3.8997E-03
0.347825913	-76.5023E-03
0.348075788	-151.8792E-03
0.348325663	+3.8997E-03
0.348575538	-71.4772E-03
0.348825413	-71.4772E-03
0.349075288	-76.5023E-03
0.349325163	-76.5023E-03
0.349575038	-76.5023E-03
0.349824912	+3.8997E-03
0.350074787	-76.5023E-03
0.350324662	-71.4772E-03
0.350574537	-151.8792E-03
0.350824412	+84.3017E-03
0.351074287	+3.8997E-03
0.351324162	+3.8997E-03
0.351574037	+8.9248E-03
0.351823912	+3.8997E-03
0.352073787	-151.8792E-03
0.352323662	+3.8997E-03
0.352573537	+84.3017E-03
0.352823412	-71.4772E-03
0.353073287	+8.9248E-03
0.353323162	+3.8997E-03
0.353573037	+3.8997E-03
0.353822911	+84.3017E-03
0.354072786	-71.4772E-03
0.354322661	+84.3017E-03
0.354572536	+3.8997E-03
0.354822411	+3.8997E-03
0.355072286	+3.8997E-03
0.355322161	+3.8997E-03
0.355572036	+3.8997E-03
0.355821911	-151.8792E-03
0.356071786	+3.8997E-03
0.356321661	+3.8997E-03
0.356571536	+3.8997E-03
0.356821411	+8.9248E-03
0.357071286	-151.8792E-03
0.357321161	-76.5023E-03
0.357571036	+3.8997E-03
0.35782091	+84.3017E-03
0.358070785	-76.5023E-03
0.35832066	+84.3017E-03
0.358570535	+84.3017E-03
0.35882041	+3.8997E-03
0.359070285	-71.4772E-03
0.35932016	-76.5023E-03
0.359570035	-76.5023E-03
0.35981991	+3.8997E-03
0.360069785	-71.4772E-03
0.36031966	-71.4772E-03
0.360569535	+3.8997E-03
0.36081941	-76.5023E-03
0.361069285	+3.8997E-03
0.36131916	+3.8997E-03
0.361569035	-76.5023E-03
0.361818909	+3.8997E-03
0.362068784	-76.5023E-03
0.362318659	+84.3017E-03
0.362568534	+3.8997E-03
0.362818409	+3.8997E-03
0.363068284	-76.5023E-03
0.363318159	-151.8792E-03
0.363568034	+3.8997E-03
0.363817909	+84.3017E-03
0.364067784	-71.4772E-03
0.364317659	-76.5023E-03
0.364567534	+84.3017E-03
0.364817409	-76.5023E-03
0.365067284	+3.8997E-03
0.365317159	-76.5023E-03
0.365567034	+3.8997E-03
0.365816908	-76.5023E-03
0.366066783	-76.5023E-03
0.366316658	-71.4772E-03
0.366566533	-151.8792E-03
0.366816408	-76.5023E-03
0.367066283	+3.8997E-03
0.367316158	+84.3017E-03
0.367566033	-71.4772E-03
0.367815908	+84.3017E-03
0.368065783	+3.8997E-03
0.368315658	-76.5023E-03
0.368565533	-151.8792E-03
0.368815408	+3.8997E-03
0.369065283	+3.8997E-03
0.369315158	+84.3017E-03
0.369565033	+3.8997E-03
0.369814907	+3.8997E-03
0.370064782	-76.5023E-03
0.370314657	-76.5023E-03
0.370564532	-71.4772E-03
0.370814407	-76.5023E-03
0.371064282	+3.8997E-03
0.371314157	-76.5023E-03
0.371564032	-71.4772E-03
0.371813907	-76.5023E-03
0.372063782	+3.8997E-03
0.372313657	-76.5023E-03
0.372563532	-151.8792E-03
0.372813407	+3.8997E-03
0.373063282	+3.8997E-03
0.373313157	+3.8997E-03
0.373563032	-76.5023E-03
0.373812906	-76.5023E-03
0.374062781	+3.8997E-03
0.374312656	-71.4772E-03
0.374562531	-71.4772E-03
0.374812406	-71.4772E-03
0.375062281	+3.8997E-03
0.375312156	-71.4772E-03
0.375562031	+3.8997E-03
0.375811906	-76.5023E-03
0.376061781	+3.8997E-03
0.376311656	+3.8997E-03
0.376561531	+84.3017E-03
0.376811406	+3.8997E-03
0.377061281	-76.5023E-03
0.377311156	-71.4772E-03
0.377561031	+84.3017E-03
0.377810905	-76.5023E-03
0.37806078	+3.8997E-03
0.378310655	+3.8997E-03
0.37856053	+8.9248E-03
0.378810405	+3.8997E-03
0.37906028	-151.8792E-03
0.379310155	+3.8997E-03
0.37956003	+3.8997E-03
0.379809905	+3.8997E-03
0.38005978	-71.4772E-03
0.380309655	+3.8997E-03
0.38055953	-76.5023E-03
0.380809405	-71.4772E-03
0.38105928	-76.5023E-03
0.381309155	-76.5023E-03
0.38155903	-71.4772E-03
0.381808904	-76.5023E-03
0.382058779	-76.5023E-03
0.382308654	-76.5023E-03
0.382558529	-71.4772E-03
0.382808404	-76.5023E-03
0.383058279	+3.8997E-03
0.383308154	-71.4772E-03
0.383558029	-71.4772E-03
0.383807904	-71.4772E-03
0.384057779	-71.4772E-03
0.384307654	-71.4772E-03
0.384557529	+3.8997E-03
0.384807404	-71.4772E-03
0.385057279	+3.8997E-03
0.385307154	-76.5023E-03
0.385557029	+3.8997E-03
0.385806903	-76.5023E-03
0.386056778	-76.5023E-03
0.386306653	+84.3017E-03
0.386556528	-76.5023E-03
0.386806403	-76.5023E-03
0.387056278	-151.8792E-03
0.387306153	-71.4772E-03
0.387556028	-76.5023E-03
0.387805903	-71.4772E-03
0.388055778	+84.3017E-03
0.388305653	-76.5023E-03
0.388555528	+3.8997E-03
0.388805403	+3.8997E-03
0.389055278	+3.8997E-03
0.389305153	-71.4772E-03
0.389555028	-151.8792E-03
0.389804902	-76.5023E-03
0.390054777	-76.5023E-03
0.390304652	+3.8997E-03
0.390554527	-71.4772E-03
0.390804402	-71.4772E-03
0.391054277	+3.8997E-03
0.391304152	-76.5023E-03
0.391554027	-76.5023E-03
0.391803902	-71.4772E-03
0.392053777	-151.8792E-03
0.392303652	-151.8792E-03
0.392553527	+3.8997E-03
0.392803402	-156.9043E-03
0.393053277	+3.8997E-03
0.393303152	+3.8997E-03
0.393553027	+3.8997E-03
0.393802901	-71.4772E-03
0.394052776	+84.3017E-03
0.394302651	+3.8997E-03
0.394552526	-76.5023E-03
0.394802401	+3.8997E-03
0.395052276	+3.8997E-03
0.395302151	-71.4772E-03
0.395552026	-76.5023E-03
0.395801901	+3.8997E-03
0.396051776	+3.8997E-03
0.396301651	+3.8997E-03
0.396551526	+3.8997E-03
0.396801401	+3.8997E-03
0.397051276	+8.9248E-03
0.397301151	+3.8997E-03
0.397551026	-76.5023E-03
0.3978009	-71.4772E-03
0.398050775	+3.8997E-03
0.39830065	-76.5023E-03
0.398550525	+3.8997E-03
0.3988004	+84.3017E-03
0.399050275	+3.8997E-03
0.39930015	-71.4772E-03
0.399550025	+3.8997E-03
0.3997999	-76.5023E-03
0.400049775	-71.4772E-03
0.40029965	-76.5023E-03
0.400549525	+164.7037E-03
0.4007994	-76.5023E-03
0.401049275	+3.8997E-03
0.40129915	+3.8997E-03
0.401549025	+3.8997E-03
0.401798899	-76.5023E-03
0.402048774	-71.4772E-03
0.402298649	-151.8792E-03
0.402548524	-76.5023E-03
0.402798399	-76.5023E-03
0.403048274	-76.5023E-03
0.403298149	+3.8997E-03
0.403548024	-76.5023E-03
0.403797899	-151.8792E-03
0.404047774	-71.4772E-03
0.404297649	-76.5023E-03
0.404547524	-71.4772E-03
0.404797399	-76.5023E-03
0.405047274	+3.8997E-03
0.405297149	+3.8997E-03
0.405547024	+3.8997E-03
0.405796898	+3.8997E-03
0.406046773	-76.5023E-03
0.406296648	+3.8997E-03
0.406546523	-71.4772E-03
0.406796398	-71.4772E-03
0.407046273	+3.8997E-03
0.407296148	+3.8997E-03
0.407546023	-71.4772E-03
0.407795898	-76.5023E-03
0.408045773	+84.3017E-03
0.408295648	-151.8792E-03
0.408545523	-76.5023E-03
0.408795398	+3.8997E-03
0.409045273	+3.8997E-03
0.409295148	-76.5023E-03
0.409545023	-76.5023E-03
0.409794897	-71.4772E-03
0.410044772	-76.5023E-03
0.410294647	+3.8997E-03
0.410544522	-76.5023E-03
0.410794397	-76.5023E-03
0.411044272	-151.8792E-03
0.411294147	-71.4772E-03
0.411544022	+3.8997E-03
0.411793897	-151.8792E-03
0.412043772	-76.5023E-03
0.412293647	+3.8997E-03
0.412543522	-76.5023E-03
0.412793397	-76.5023E-03
0.413043272	-151.8792E-03
0.413293147	+3.8997E-03
0.413543022	+3.8997E-03
0.413792896	+84.3017E-03
0.414042771	+3.8997E-03
0.414292646	-71.4772E-03
0.414542521	-76.5023E-03
0.414792396	-151.8792E-03
0.415042271	-71.4772E-03
0.415292146	+3.8997E-03
0.415542021	-76.5023E-03
0.415791896	+3.8997E-03
0.416041771	+3.8997E-03
0.416291646	-71.4772E-03
0.416541521	-76.5023E-03
0.416791396	-156.9043E-03
0.417041271	+3.8997E-03
0.417291146	+3.8997E-03
0.417541021	-76.5023E-03
0.417790895	+3.8997E-03
0.41804077	-71.4772E-03
0.418290645	+3.8997E-03
0.41854052	+3.8997E-03
0.418790395	+3.8997E-03
0.41904027	-76.5023E-03
0.419290145	+3.8997E-03
0.41954002	-71.4772E-03
0.419789895	-71.4772E-03
0.42003977	+3.8997E-03
0.420289645	-71.4772E-03
0.42053952	+84.3017E-03
0.420789395	-76.5023E-03
0.42103927	-151.8792E-03
0.421289145	+84.3017E-03
0.42153902	-76.5023E-03
0.421788894	-76.5023E-03
0.422038769	-71.4772E-03
0.422288644	+3.8997E-03
0.422538519	-71.4772E-03
0.422788394	+3.8997E-03
0.423038269	-76.5023E-03
0.423288144	+3.8997E-03
0.423538019	+164.7037E-03
0.423787894	+3.8997E-03
0.424037769	+3.8997E-03
0.424287644	+8.9248E-03
0.424537519	+8.9248E-03
0.424787394	+3.8997E-03
0.425037269	+3.8997E-03
0.425287144	-71.4772E-03
0.425537019	+3.8997E-03
0.425786893	+3.8997E-03
0.426036768	-71.4772E-03
0.426286643	+3.8997E-03
0.426536518	+3.8997E-03
0.426786393	-71.4772E-03
0.427036268	-76.5023E-03
0.427286143	-71.4772E-03
0.427536018	-76.5023E-03
0.427785893	+84.3017E-03
0.428035768	-76.5023E-03
0.428285643	-76.5023E-03
0.428535518	+84.3017E-03
0.428785393	-71.4772E-03
0.429035268	-76.5023E-03
0.429285143	-71.4772E-03
0.429535018	-76.5023E-03
0.429784892	-71.4772E-03
0.430034767	-71.4772E-03
0.430284642	+3.8997E-03
0.430534517	-71.4772E-03
0.430784392	+3.8997E-03
0.431034267	-71.4772E-03
0.431284142	+3.8997E-03
0.431534017	-76.5023E-03
0.431783892	-76.5023E-03
0.432033767	-71.4772E-03
0.432283642	+3.8997E-03
0.432533517	+3.8997E-03
0.432783392	-76.5023E-03
0.433033267	+3.8997E-03
0.433283142	-76.5023E-03
0.433533017	+84.3017E-03
0.433782891	-151.8792E-03
0.434032766	-71.4772E-03
0.434282641	+84.3017E-03
0.434532516	+3.8997E-03
0.434782391	-71.4772E-03
0.435032266	-76.5023E-03
0.435282141	-151.8792E-03
0.435532016	+3.8997E-03
0.435781891	-76.5023E-03
0.436031766	+3.8997E-03
0.436281641	-151.8792E-03
0.436531516	+3.8997E-03
0.436781391	+84.3017E-03
0.437031266	+3.8997E-03
0.437281141	-76.5023E-03
0.437531016	-71.4772E-03
0.43778089	-76.5023E-03
0.438030765	-76.5023E-03
0.43828064	+3.8997E-03
0.438530515	+3.8997E-03
0.43878039	-76.5023E-03
0.439030265	-76.5023E-03
0.43928014	-71.4772E-03
0.439530015	+8.9248E-03
0.43977989	+3.8997E-03
0.440029765	-71.4772E-03
0.44027964	+3.8997E-03
0.440529515	-71.4772E-03
0.44077939	-76.5023E-03
0.441029265	+8.9248E-03
0.44127914	-71.4772E-03
0.441529015	-76.5023E-03
0.441778889	-71.4772E-03
0.442028764	-76.5023E-03
0.442278639	-151.8792E-03
0.442528514	-71.4772E-03
0.442778389	-76.5023E-03
0.443028264	-76.5023E-03
0.443278139	+3.8997E-03
0.443528014	+3.8997E-03
0.443777889	-151.8792E-03
0.444027764	-76.5023E-03
0.444277639	-151.8792E-03
0.444527514	-76.5023E-03
0.444777389	-76.5023E-03
0.445027264	-76.5023E-03
0.445277139	+3.8997E-03
0.445527014	-156.9043E-03
0.445776888	-71.4772E-03
0.446026763	-76.5023E-03
0.446276638	-76.5023E-03
0.446526513	+3.8997E-03
0.446776388	-71.4772E-03
0.447026263	+3.8997E-03
0.447276138	+3.8997E-03
0.447526013	-71.4772E-03
0.447775888	-71.4772E-03
0.448025763	-76.5023E-03
0.448275638	-71.4772E-03
0.448525513	-76.5023E-03
0.448775388	+3.8997E-03
0.449025263	+3.8997E-03
0.449275138	-76.5023E-03
0.449525013	-71.4772E-03
0.449774887	-76.5023E-03
0.450024762	-76.5023E-03
0.450274637	-71.4772E-03
0.450524512	+3.8997E-03
0.450774387	-156.9043E-03
0.451024262	-71.4772E-03
0.451274137	+3.8997E-03
0.451524012	+3.8997E-03
0.451773887	+3.8997E-03
0.452023762	-76.5023E-03
0.452273637	-71.4772E-03
0.452523512	-151.8792E-03
0.452773387	-71.4772E-03
0.453023262	-151.8792E-03
0.453273137	+3.8997E-03
0.453523012	+3.8997E-03
0.453772886	+84.3017E-03
0.454022761	-151.8792E-03
0.454272636	+3.8997E-03
0.454522511	-76.5023E-03
0.454772386	-71.4772E-03
0.455022261	-71.4772E-03
0.455272136	+3.8997E-03
0.455522011	+84.3017E-03
0.455771886	-76.5023E-03
0.456021761	-71.4772E-03
0.456271636	+3.8997E-03
0.456521511	+3.8997E-03
0.456771386	-232.2812E-03
0.457021261	-71.4772E-03
0.457271136	-71.4772E-03
0.457521011	-76.5023E-03
0.457770885	-71.4772E-03
0.45802076	+3.8997E-03
0.458270635	+84.3017E-03
0.45852051	-76.5023E-03
0.458770385	-71.4772E-03
0.45902026	-76.5023E-03
0.459270135	-76.5023E-03
0.45952001	+3.8997E-03
0.459769885	-76.5023E-03
0.46001976	-76.5023E-03
0.460269635	-71.4772E-03
0.46051951	+3.8997E-03
0.460769385	+8.9248E-03
0.46101926	-71.4772E-03
0.461269135	+3.8997E-03
0.46151901	+3.8997E-03
0.461768884	-71.4772E-03
0.462018759	-71.4772E-03
0.462268634	-71.4772E-03
0.462518509	-76.5023E-03
0.462768384	-76.5023E-03
0.463018259	+8.9248E-03
0.463268134	+3.8997E-03
0.463518009	+3.8997E-03
0.463767884	+89.3268E-03
0.464017759	-71.4772E-03
0.464267634	+3.8997E-03
0.464517509	+3.8997E-03
0.464767384	-76.5023E-03
0.465017259	-151.8792E-03
0.465267134	-71.4772E-03
0.465517009	-151.8792E-03
0.465766883	+3.8997E-03
0.466016758	-76.5023E-03
0.466266633	-71.4772E-03
0.466516508	+3.8997E-03
0.466766383	+3.8997E-03
0.467016258	+3.8997E-03
0.467266133	-71.4772E-03
0.467516008	-151.8792E-03
0.467765883	-71.4772E-03
0.468015758	-76.5023E-03
0.468265633	-71.4772E-03
0.468515508	+84.3017E-03
0.468765383	+3.8997E-03
0.469015258	+3.8997E-03
0.469265133	-76.5023E-03
0.469515008	+3.8997E-03
0.469764882	-76.5023E-03
0.470014757	+84.3017E-03
0.470264632	+3.8997E-03
0.470514507	-71.4772E-03
0.470764382	+3.8997E-03
0.471014257	+3.8997E-03
0.471264132	-71.4772E-03
0.471514007	+3.8997E-03
0.471763882	+3.8997E-03
0.472013757	+3.8997E-03
0.472263632	-76.5023E-03
0.472513507	-76.5023E-03
0.472763382	-71.4772E-03
0.473013257	-76.5023E-03
0.473263132	-151.8792E-03
0.473513007	+3.8997E-03
0.473762881	+3.8997E-03
0.474012756	+3.8997E-03
0.474262631	+3.8997E-03
0.474512506	+3.8997E-03
0.474762381	+3.8997E-03
0.475012256	-76.5023E-03
0.475262131	-71.4772E-03
0.475512006	-151.8792E-03
0.475761881	+3.8997E-03
0.476011756	+3.8997E-03
0.476261631	+8.9248E-03
0.476511506	-71.4772E-03
0.476761381	-71.4772E-03
0.477011256	+3.8997E-03
0.477261131	+3.8997E-03
0.477511006	-71.4772E-03
0.47776088	-76.5023E-03
0.478010755	-71.4772E-03
0.47826063	-71.4772E-03
0.478510505	+3.8997E-03
0.47876038	+3.8997E-03
0.479010255	+3.8997E-03
0.47926013	-76.5023E-03
0.479510005	+3.8997E-03
0.47975988	-76.5023E-03
0.480009755	-71.4772E-03
0.48025963	+3.8997E-03
0.480509505	-71.4772E-03
0.48075938	-151.8792E-03
0.481009255	-71.4772E-03
0.48125913	+84.3017E-03
0.481509005	-76.5023E-03
0.481758879	-76.5023E-03
0.482008754	+3.8997E-03
0.482258629	-76.5023E-03
0.482508504	+3.8997E-03
0.482758379	+3.8997E-03
0.483008254	-76.5023E-03
0.483258129	-71.4772E-03
0.483508004	+3.8997E-03
0.483757879	-76.5023E-03
0.484007754	-151.8792E-03
0.484257629	-71.4772E-03
0.484507504	-76.5023E-03
0.484757379	-71.4772E-03
0.485007254	+3.8997E-03
0.485257129	+3.8997E-03
0.485507004	+3.8997E-03
0.485756878	-76.5023E-03
0.486006753	-71.4772E-03
0.486256628	+3.8997E-03
0.486506503	+3.8997E-03
0.486756378	+3.8997E-03
0.487006253	-71.4772E-03
0.487256128	-76.5023E-03
0.487506003	-71.4772E-03
0.487755878	+3.8997E-03
0.488005753	-71.4772E-03
0.488255628	-71.4772E-03
0.488505503	+84.3017E-03
0.488755378	+3.8997E-03
0.489005253	-71.4772E-03
0.489255128	-71.4772E-03
0.489505003	+3.8997E-03
0.489754877	-151.8792E-03
0.490004752	+3.8997E-03
0.490254627	-76.5023E-03
0.490504502	-76.5023E-03
0.490754377	-76.5023E-03
0.491004252	-151.8792E-03
0.491254127	+3.8997E-03
0.491504002	+3.8997E-03
0.491753877	-71.4772E-03
0.492003752	-71.4772E-03
0.492253627	-71.4772E-03
0.492503502	+3.8997E-03
0.492753377	-76.5023E-03
0.493003252	-76.5023E-03
0.493253127	-71.4772E-03
0.493503002	+3.8997E-03
0.493752876	+84.3017E-03
0.494002751	+3.8997E-03
0.494252626	-71.4772E-03
0.494502501	+3.8997E-03
0.494752376	-71.4772E-03
0.495002251	-76.5023E-03
0.495252126	+3.8997E-03
0.495502001	+84.3017E-03
0.495751876	+3.8997E-03
0.496001751	-71.4772E-03
0.496251626	+3.8997E-03
0.496501501	-76.5023E-03
0.496751376	-71.4772E-03
0.497001251	+3.8997E-03
0.497251126	-76.5023E-03
0.497501001	-76.5023E-03
0.497750875	-76.5023E-03
0.49800075	-71.4772E-03
0.498250625	+3.8997E-03
0.4985005	+164.7037E-03
0.498750375	-71.4772E-03
0.49900025	+3.8997E-03
0.499250125	+3.8997E-03
