	
	
0	-11.306629E-03
0.000005	-61.557885E-03
0.000010	-312.814169E-03
0.000015	-162.060399E-03
0.000020	-212.311655E-03
0.000025	-61.557885E-03
0.000030	-212.311655E-03
0.000035	-212.311655E-03
0.000040	-212.311655E-03
0.000045	-136.934770E-03
0.000050	-86.683514E-03
0.000055	-212.311655E-03
0.000060	-388.191054E-03
0.000065	-136.934770E-03
0.000070	-325.376983E-03
0.000075	-61.557885E-03
0.000080	-36.432257E-03
0.000085	-287.688540E-03
0.000090	-136.934770E-03
0.000095	-212.311655E-03
0.000100	-237.437284E-03
0.000105	-11.306629E-03
0.000110	-136.934770E-03
0.000115	-36.432257E-03
0.000120	-162.060399E-03
0.000125	-300.251354E-03
0.000130	-124.371956E-03
0.000135	-400.753868E-03
0.000140	-363.065425E-03
0.000145	-212.311655E-03
0.000150	-212.311655E-03
0.000155	-212.311655E-03
0.000160	-149.497584E-03
0.000165	-212.311655E-03
0.000170	-212.311655E-03
0.000175	-212.311655E-03
0.000180	-212.311655E-03
0.000185	-187.186027E-03
0.000190	-48.995071E-03
0.000195	-212.311655E-03
0.000200	-11.306629E-03
0.000205	-124.371956E-03
0.000210	-237.437284E-03
0.000215	-23.869443E-03
0.000220	-337.939797E-03
0.000225	-212.311655E-03
0.000230	-61.557885E-03
0.000235	-174.623213E-03
0.000240	-86.683514E-03
0.000245	-136.934770E-03
0.000250	-187.186027E-03
0.000255	-212.311655E-03
0.000260	+26.381814E-03
0.000265	-136.934770E-03
0.000270	-212.311655E-03
0.000275	-162.060399E-03
0.000280	-111.809142E-03
0.000285	-61.557885E-03
0.000290	-199.748841E-03
0.000295	-162.060399E-03
0.000300	-212.311655E-03
0.000305	-212.311655E-03
0.000310	-400.753868E-03
0.000315	-212.311655E-03
0.000320	-99.246328E-03
0.000325	+152.009956E-03
0.000330	-212.311655E-03
0.000335	-212.311655E-03
0.000340	-111.809142E-03
0.000345	-11.306629E-03
0.000350	-212.311655E-03
0.000355	-74.120699E-03
0.000360	-124.371956E-03
0.000365	-11.306629E-03
0.000370	-23.869443E-03
0.000375	-11.306629E-03
0.000380	-212.311655E-03
0.000385	-11.306629E-03
0.000390	-174.623213E-03
0.000395	-325.376983E-03
0.000400	-74.120699E-03
0.000405	-212.311655E-03
0.000410	-36.432257E-03
0.000415	-287.688540E-03
0.000420	-275.125726E-03
0.000425	-23.869443E-03
0.000430	-212.311655E-03
0.000435	-99.246328E-03
0.000440	-149.497584E-03
0.000445	-212.311655E-03
0.000450	-48.995071E-03
0.000455	-212.311655E-03
0.000460	-11.306629E-03
0.000465	-11.306629E-03
0.000470	-212.311655E-03
0.000475	-312.814169E-03
0.000480	-48.995071E-03
0.000485	-212.311655E-03
0.000490	-413.316682E-03
0.000495	-111.809142E-03
0.000500	-212.311655E-03
0.000505	-212.311655E-03
0.000510	-212.311655E-03
0.000515	-124.371956E-03
0.000520	-337.939797E-03
0.000525	-212.311655E-03
0.000530	-136.934770E-03
0.000535	-212.311655E-03
0.000540	-174.623213E-03
0.000545	-212.311655E-03
0.000550	-11.306629E-03
0.000555	-212.311655E-03
0.000560	-187.186027E-03
0.000565	-174.623213E-03
0.000570	-86.683514E-03
0.000575	-74.120699E-03
0.000580	-23.869443E-03
0.000585	-212.311655E-03
0.000590	-11.306629E-03
0.000595	-287.688540E-03
0.000600	-400.753868E-03
0.000605	-162.060399E-03
0.000610	-111.809142E-03
0.000615	-212.311655E-03
0.000620	+1.256186E-03
0.000625	-212.311655E-03
0.000630	-99.246328E-03
0.000635	-48.995071E-03
0.000640	-11.306629E-03
0.000645	-61.557885E-03
0.000650	-212.311655E-03
0.000655	-325.376983E-03
0.000660	-212.311655E-03
0.000665	-212.311655E-03
0.000670	-212.311655E-03
0.000675	-375.628239E-03
0.000680	-212.311655E-03
0.000685	-212.311655E-03
0.000690	-86.683514E-03
0.000695	-36.432257E-03
0.000700	-375.628239E-03
0.000705	-212.311655E-03
0.000710	-212.311655E-03
0.000715	-187.186027E-03
0.000720	-212.311655E-03
0.000725	-11.306629E-03
0.000730	-11.306629E-03
0.000735	-212.311655E-03
0.000740	-162.060399E-03
0.000745	-11.306629E-03
0.000750	-149.497584E-03
0.000755	-11.306629E-03
0.000760	-212.311655E-03
0.000765	-212.311655E-03
0.000770	-149.497584E-03
0.000775	-212.311655E-03
0.000780	-149.497584E-03
0.000785	-99.246328E-03
0.000790	-11.306629E-03
0.000795	-212.311655E-03
0.000800	-124.371956E-03
0.000805	-212.311655E-03
0.000810	-11.306629E-03
0.000815	-212.311655E-03
0.000820	-136.934770E-03
0.000825	-124.371956E-03
0.000830	-74.120699E-03
0.000835	-212.311655E-03
0.000840	-212.311655E-03
0.000845	-11.306629E-03
0.000850	-11.306629E-03
0.000855	-174.623213E-03
0.000860	-212.311655E-03
0.000865	-212.311655E-03
0.000870	-11.306629E-03
0.000875	-212.311655E-03
0.000880	-212.311655E-03
0.000885	-275.125726E-03
0.000890	-212.311655E-03
0.000895	-48.995071E-03
0.000900	-312.814169E-03
0.000905	-212.311655E-03
0.000910	-400.753868E-03
0.000915	-48.995071E-03
0.000920	-99.246328E-03
0.000925	-149.497584E-03
0.000930	-212.311655E-03
0.000935	-11.306629E-03
0.000940	-99.246328E-03
0.000945	-212.311655E-03
0.000950	+1.256186E-03
0.000955	-212.311655E-03
0.000960	-212.311655E-03
0.000965	-363.065425E-03
0.000970	-23.869443E-03
0.000975	-136.934770E-03
0.000980	-212.311655E-03
0.000985	-174.623213E-03
0.000990	-388.191054E-03
0.000995	-136.934770E-03
0.001000	-86.683514E-03
0.001005	-237.437284E-03
0.001010	-174.623213E-03
0.001015	-212.311655E-03
0.001020	-149.497584E-03
0.001025	-187.186027E-03
0.001030	-375.628239E-03
0.001035	-124.371956E-03
0.001040	-212.311655E-03
0.001045	-212.311655E-03
0.001050	-162.060399E-03
0.001055	-300.251354E-03
0.001060	+76.633071E-03
0.001065	-212.311655E-03
0.001070	-212.311655E-03
0.001075	-212.311655E-03
0.001080	-61.557885E-03
0.001085	-212.311655E-03
0.001090	-61.557885E-03
0.001095	-99.246328E-03
0.001100	-363.065425E-03
0.001105	-11.306629E-03
0.001110	+76.633071E-03
0.001115	-300.251354E-03
0.001120	-86.683514E-03
0.001125	-224.874469E-03
0.001130	-212.311655E-03
0.001135	-86.683514E-03
0.001140	-174.623213E-03
0.001145	-212.311655E-03
0.001150	-11.306629E-03
0.001155	+38.944628E-03
0.001160	-149.497584E-03
0.001165	-174.623213E-03
0.001170	-162.060399E-03
0.001175	-149.497584E-03
0.001180	-23.869443E-03
0.001185	-11.306629E-03
0.001190	-61.557885E-03
0.001195	-212.311655E-03
0.001200	-212.311655E-03
0.001205	-11.306629E-03
0.001210	-99.246328E-03
0.001215	-11.306629E-03
0.001220	-11.306629E-03
0.001225	-212.311655E-03
0.001230	-11.306629E-03
0.001235	-212.311655E-03
0.001240	-212.311655E-03
0.001245	-111.809142E-03
0.001250	-111.809142E-03
0.001255	-212.311655E-03
0.001260	-187.186027E-03
0.001265	-61.557885E-03
0.001270	-11.306629E-03
0.001275	-11.306629E-03
0.001280	-224.874469E-03
0.001285	-212.311655E-03
0.001290	-11.306629E-03
0.001295	-36.432257E-03
0.001300	-212.311655E-03
0.001305	-74.120699E-03
0.001310	-325.376983E-03
0.001315	-212.311655E-03
0.001320	-174.623213E-03
0.001325	-212.311655E-03
0.001330	-212.311655E-03
0.001335	-212.311655E-03
0.001340	+164.572770E-03
0.001345	-212.311655E-03
0.001350	-212.311655E-03
0.001355	-11.306629E-03
0.001360	-212.311655E-03
0.001365	-312.814169E-03
0.001370	-149.497584E-03
0.001375	-199.748841E-03
0.001380	-212.311655E-03
0.001385	-212.311655E-03
0.001390	-212.311655E-03
0.001395	-212.311655E-03
0.001400	-11.306629E-03
0.001405	-111.809142E-03
0.001410	-162.060399E-03
0.001415	-11.306629E-03
0.001420	-149.497584E-03
0.001425	-99.246328E-03
0.001430	-212.311655E-03
0.001435	-187.186027E-03
0.001440	-74.120699E-03
0.001445	-124.371956E-03
0.001450	-237.437284E-03
0.001455	-187.186027E-03
0.001460	-212.311655E-03
0.001465	-325.376983E-03
0.001470	-36.432257E-03
0.001475	-212.311655E-03
0.001480	-162.060399E-03
0.001485	-74.120699E-03
0.001490	-363.065425E-03
0.001495	-212.311655E-03
0.001500	-86.683514E-03
0.001505	-136.934770E-03
0.001510	-11.306629E-03
0.001515	-162.060399E-03
0.001520	-111.809142E-03
0.001525	-212.311655E-03
0.001530	-11.306629E-03
0.001535	-212.311655E-03
0.001540	-212.311655E-03
0.001545	-11.306629E-03
0.001550	-199.748841E-03
0.001555	-111.809142E-03
0.001560	-99.246328E-03
0.001565	-250.000098E-03
0.001570	-199.748841E-03
0.001575	-212.311655E-03
0.001580	-111.809142E-03
0.001585	-212.311655E-03
0.001590	-212.311655E-03
0.001595	-136.934770E-03
0.001600	-212.311655E-03
0.001605	-337.939797E-03
0.001610	-212.311655E-03
0.001615	-212.311655E-03
0.001620	+76.633071E-03
0.001625	-350.502611E-03
0.001630	-212.311655E-03
0.001635	-325.376983E-03
0.001640	-136.934770E-03
0.001645	-162.060399E-03
0.001650	-312.814169E-03
0.001655	-86.683514E-03
0.001660	-212.311655E-03
0.001665	-11.306629E-03
0.001670	-48.995071E-03
0.001675	-212.311655E-03
0.001680	-61.557885E-03
0.001685	-212.311655E-03
0.001690	-162.060399E-03
0.001695	-212.311655E-03
0.001700	-149.497584E-03
0.001705	-212.311655E-03
0.001710	-11.306629E-03
0.001715	-212.311655E-03
0.001720	-162.060399E-03
0.001725	-212.311655E-03
0.001730	-212.311655E-03
0.001735	-23.869443E-03
0.001740	-212.311655E-03
0.001745	-212.311655E-03
0.001750	-11.306629E-03
0.001755	-287.688540E-03
0.001760	-11.306629E-03
0.001765	-363.065425E-03
0.001770	-11.306629E-03
0.001775	-86.683514E-03
0.001780	-212.311655E-03
0.001785	-212.311655E-03
0.001790	-11.306629E-03
0.001795	-74.120699E-03
0.001800	-187.186027E-03
0.001805	-11.306629E-03
0.001810	-124.371956E-03
0.001815	-136.934770E-03
0.001820	-11.306629E-03
0.001825	-212.311655E-03
0.001830	-212.311655E-03
0.001835	+26.381814E-03
0.001840	-11.306629E-03
0.001845	-212.311655E-03
0.001850	-99.246328E-03
0.001855	-212.311655E-03
0.001860	-212.311655E-03
0.001865	-61.557885E-03
0.001870	+89.195885E-03
0.001875	-11.306629E-03
0.001880	-11.306629E-03
0.001885	-212.311655E-03
0.001890	-312.814169E-03
0.001895	-212.311655E-03
0.001900	-23.869443E-03
0.001905	-212.311655E-03
0.001910	-11.306629E-03
0.001915	-74.120699E-03
0.001920	-23.869443E-03
0.001925	-11.306629E-03
0.001930	-11.306629E-03
0.001935	-212.311655E-03
0.001940	-36.432257E-03
0.001945	+38.944628E-03
0.001950	-136.934770E-03
0.001955	-212.311655E-03
0.001960	-174.623213E-03
0.001965	-86.683514E-03
0.001970	-275.125726E-03
0.001975	-23.869443E-03
0.001980	-212.311655E-03
0.001985	-99.246328E-03
0.001990	-11.306629E-03
0.001995	-212.311655E-03
0.002000	-11.306629E-03
0.002005	-212.311655E-03
0.002010	-11.306629E-03
0.002015	-199.748841E-03
0.002020	-212.311655E-03
0.002025	-111.809142E-03
0.002030	-48.995071E-03
0.002035	-212.311655E-03
0.002040	-350.502611E-03
0.002045	-111.809142E-03
0.002050	-162.060399E-03
0.002055	-187.186027E-03
0.002060	-212.311655E-03
0.002065	-212.311655E-03
0.002070	-337.939797E-03
0.002075	-11.306629E-03
0.002080	-212.311655E-03
0.002085	-124.371956E-03
0.002090	-61.557885E-03
0.002095	-212.311655E-03
0.002100	-11.306629E-03
0.002105	-74.120699E-03
0.002110	-23.869443E-03
0.002115	-36.432257E-03
0.002120	-124.371956E-03
0.002125	+64.070256E-03
0.002130	-212.311655E-03
0.002135	-162.060399E-03
0.002140	-111.809142E-03
0.002145	-61.557885E-03
0.002150	-212.311655E-03
0.002155	-212.311655E-03
0.002160	-111.809142E-03
0.002165	-149.497584E-03
0.002170	-11.306629E-03
0.002175	-11.306629E-03
0.002180	-11.306629E-03
0.002185	+38.944628E-03
0.002190	-212.311655E-03
0.002195	-11.306629E-03
0.002200	-11.306629E-03
0.002205	-48.995071E-03
0.002210	-23.869443E-03
0.002215	-212.311655E-03
0.002220	-212.311655E-03
0.002225	-174.623213E-03
0.002230	-212.311655E-03
0.002235	-74.120699E-03
0.002240	-11.306629E-03
0.002245	-212.311655E-03
0.002250	-11.306629E-03
0.002255	-212.311655E-03
0.002260	-212.311655E-03
0.002265	-11.306629E-03
0.002270	-174.623213E-03
0.002275	-212.311655E-03
0.002280	-136.934770E-03
0.002285	-23.869443E-03
0.002290	-162.060399E-03
0.002295	-212.311655E-03
0.002300	-11.306629E-03
0.002305	-212.311655E-03
0.002310	-111.809142E-03
0.002315	-11.306629E-03
0.002320	-61.557885E-03
0.002325	-212.311655E-03
0.002330	+51.507442E-03
0.002335	-11.306629E-03
0.002340	+101.758699E-03
0.002345	-212.311655E-03
0.002350	+76.633071E-03
0.002355	-23.869443E-03
0.002360	-162.060399E-03
0.002365	-187.186027E-03
0.002370	-136.934770E-03
0.002375	-325.376983E-03
0.002380	-36.432257E-03
0.002385	-187.186027E-03
0.002390	-74.120699E-03
0.002395	-86.683514E-03
0.002400	-350.502611E-03
0.002405	+26.381814E-03
0.002410	-86.683514E-03
0.002415	-11.306629E-03
0.002420	-23.869443E-03
0.002425	-11.306629E-03
0.002430	-124.371956E-03
0.002435	-74.120699E-03
0.002440	-11.306629E-03
0.002445	-162.060399E-03
0.002450	-11.306629E-03
0.002455	-149.497584E-03
0.002460	-11.306629E-03
0.002465	-48.995071E-03
0.002470	-11.306629E-03
0.002475	-149.497584E-03
0.002480	-212.311655E-03
0.002485	-149.497584E-03
0.002490	-11.306629E-03
0.002495	-11.306629E-03
0.002500	-212.311655E-03
0.002505	-61.557885E-03
0.002510	-187.186027E-03
0.002515	-124.371956E-03
0.002520	-187.186027E-03
0.002525	+126.884327E-03
0.002530	+26.381814E-03
0.002535	-11.306629E-03
0.002540	-23.869443E-03
0.002545	-136.934770E-03
0.002550	-86.683514E-03
0.002555	-36.432257E-03
0.002560	+164.572770E-03
0.002565	-86.683514E-03
0.002570	-136.934770E-03
0.002575	+13.819000E-03
0.002580	+26.381814E-03
0.002585	-124.371956E-03
0.002590	-275.125726E-03
0.002595	-212.311655E-03
0.002600	-11.306629E-03
0.002605	-99.246328E-03
0.002610	+51.507442E-03
0.002615	-11.306629E-03
0.002620	+152.009956E-03
0.002625	-111.809142E-03
0.002630	+139.447141E-03
0.002635	-11.306629E-03
0.002640	-149.497584E-03
0.002645	-99.246328E-03
0.002650	-11.306629E-03
0.002655	-11.306629E-03
0.002660	-11.306629E-03
0.002665	-11.306629E-03
0.002670	-11.306629E-03
0.002675	-187.186027E-03
0.002680	+64.070256E-03
0.002685	-11.306629E-03
0.002690	-11.306629E-03
0.002695	-23.869443E-03
0.002700	-212.311655E-03
0.002705	-48.995071E-03
0.002710	+189.698398E-03
0.002715	-174.623213E-03
0.002720	+76.633071E-03
0.002725	-11.306629E-03
0.002730	+38.944628E-03
0.002735	+164.572770E-03
0.002740	-11.306629E-03
0.002745	+126.884327E-03
0.002750	-11.306629E-03
0.002755	+152.009956E-03
0.002760	+89.195885E-03
0.002765	+51.507442E-03
0.002770	-11.306629E-03
0.002775	+38.944628E-03
0.002780	-99.246328E-03
0.002785	-11.306629E-03
0.002790	-11.306629E-03
0.002795	+51.507442E-03
0.002800	-11.306629E-03
0.002805	+38.944628E-03
0.002810	-11.306629E-03
0.002815	-11.306629E-03
0.002820	+189.698398E-03
0.002825	-11.306629E-03
0.002830	+177.135584E-03
0.002835	-74.120699E-03
0.002840	-86.683514E-03
0.002845	-11.306629E-03
0.002850	-11.306629E-03
0.002855	+126.884327E-03
0.002860	+189.698398E-03
0.002865	+26.381814E-03
0.002870	-11.306629E-03
0.002875	-11.306629E-03
0.002880	-74.120699E-03
0.002885	-11.306629E-03
0.002890	-11.306629E-03
0.002895	-11.306629E-03
0.002900	+126.884327E-03
0.002905	-212.311655E-03
0.002910	+152.009956E-03
0.002915	-111.809142E-03
0.002920	+139.447141E-03
0.002925	-199.748841E-03
0.002930	-11.306629E-03
0.002935	-11.306629E-03
0.002940	-99.246328E-03
0.002945	+189.698398E-03
0.002950	-11.306629E-03
0.002955	+101.758699E-03
0.002960	+38.944628E-03
0.002965	-199.748841E-03
0.002970	+189.698398E-03
0.002975	-11.306629E-03
0.002980	-11.306629E-03
0.002985	+177.135584E-03
0.002990	-11.306629E-03
0.002995	-11.306629E-03
0.003000	+126.884327E-03
0.003005	-11.306629E-03
0.003010	+189.698398E-03
0.003015	+76.633071E-03
0.003020	-11.306629E-03
0.003025	+189.698398E-03
0.003030	+76.633071E-03
0.003035	-11.306629E-03
0.003040	+13.819000E-03
0.003045	-11.306629E-03
0.003050	+189.698398E-03
0.003055	+64.070256E-03
0.003060	+13.819000E-03
0.003065	-11.306629E-03
0.003070	-11.306629E-03
0.003075	-11.306629E-03
0.003080	+1.256186E-03
0.003085	-11.306629E-03
0.003090	-11.306629E-03
0.003095	+139.447141E-03
0.003100	+189.698398E-03
0.003105	+189.698398E-03
0.003110	-111.809142E-03
0.003115	-11.306629E-03
0.003120	+189.698398E-03
0.003125	+189.698398E-03
0.003130	+290.200911E-03
0.003135	+38.944628E-03
0.003140	-11.306629E-03
0.003145	+126.884327E-03
0.003150	+76.633071E-03
0.003155	+126.884327E-03
0.003160	+177.135584E-03
0.003165	+126.884327E-03
0.003170	+114.321513E-03
0.003175	+164.572770E-03
0.003180	+189.698398E-03
0.003185	-11.306629E-03
0.003190	+64.070256E-03
0.003195	+13.819000E-03
0.003200	+64.070256E-03
0.003205	+76.633071E-03
0.003210	+189.698398E-03
0.003215	+177.135584E-03
0.003220	+189.698398E-03
0.003225	+189.698398E-03
0.003230	+139.447141E-03
0.003235	-11.306629E-03
0.003240	+189.698398E-03
0.003245	+101.758699E-03
0.003250	+51.507442E-03
0.003255	+189.698398E-03
0.003260	-11.306629E-03
0.003265	+189.698398E-03
0.003270	+152.009956E-03
0.003275	-11.306629E-03
0.003280	+51.507442E-03
0.003285	+89.195885E-03
0.003290	+38.944628E-03
0.003295	+189.698398E-03
0.003300	+189.698398E-03
0.003305	+277.638097E-03
0.003310	+365.577796E-03
0.003315	+214.824026E-03
0.003320	+64.070256E-03
0.003325	-11.306629E-03
0.003330	+26.381814E-03
0.003335	+139.447141E-03
0.003340	+114.321513E-03
0.003345	+189.698398E-03
0.003350	+189.698398E-03
0.003355	+390.703425E-03
0.003360	+227.386841E-03
0.003365	+126.884327E-03
0.003370	-11.306629E-03
0.003375	+152.009956E-03
0.003380	+89.195885E-03
0.003385	+189.698398E-03
0.003390	+1.256186E-03
0.003395	+189.698398E-03
0.003400	+290.200911E-03
0.003405	+189.698398E-03
0.003410	+390.703425E-03
0.003415	+139.447141E-03
0.003420	+189.698398E-03
0.003425	+189.698398E-03
0.003430	+189.698398E-03
0.003435	+139.447141E-03
0.003440	+302.763726E-03
0.003445	+152.009956E-03
0.003450	+378.140611E-03
0.003455	+64.070256E-03
0.003460	+189.698398E-03
0.003465	+327.889354E-03
0.003470	+177.135584E-03
0.003475	+189.698398E-03
0.003480	+189.698398E-03
0.003485	+189.698398E-03
0.003490	+227.386841E-03
0.003495	+277.638097E-03
0.003500	+189.698398E-03
0.003505	+189.698398E-03
0.003510	+189.698398E-03
0.003515	+189.698398E-03
0.003520	+390.703425E-03
0.003525	+365.577796E-03
0.003530	+239.949655E-03
0.003535	+189.698398E-03
0.003540	+390.703425E-03
0.003545	+189.698398E-03
0.003550	+290.200911E-03
0.003555	+302.763726E-03
0.003560	+340.452168E-03
0.003565	+390.703425E-03
0.003570	+390.703425E-03
0.003575	+290.200911E-03
0.003580	+390.703425E-03
0.003585	+390.703425E-03
0.003590	+51.507442E-03
0.003595	+290.200911E-03
0.003600	+239.949655E-03
0.003605	+415.829053E-03
0.003610	+390.703425E-03
0.003615	+478.643124E-03
0.003620	+265.075283E-03
0.003625	+214.824026E-03
0.003630	+340.452168E-03
0.003635	+478.643124E-03
0.003640	+365.577796E-03
0.003645	+541.457195E-03
0.003650	+277.638097E-03
0.003655	+265.075283E-03
0.003660	+390.703425E-03
0.003665	+365.577796E-03
0.003670	+277.638097E-03
0.003675	+466.080310E-03
0.003680	+390.703425E-03
0.003685	+390.703425E-03
0.003690	+390.703425E-03
0.003695	+390.703425E-03
0.003700	+214.824026E-03
0.003705	+239.949655E-03
0.003710	+390.703425E-03
0.003715	+390.703425E-03
0.003720	+390.703425E-03
0.003725	+453.517496E-03
0.003730	+503.768752E-03
0.003735	+554.020009E-03
0.003740	+591.708452E-03
0.003745	+390.703425E-03
0.003750	+491.205938E-03
0.003755	+554.020009E-03
0.003760	+390.703425E-03
0.003765	+390.703425E-03
0.003770	+478.643124E-03
0.003775	+591.708452E-03
0.003780	+755.025036E-03
0.003785	+591.708452E-03
0.003790	+390.703425E-03
0.003795	+629.396894E-03
0.003800	+453.517496E-03
0.003805	+478.643124E-03
0.003810	+591.708452E-03
0.003815	+591.708452E-03
0.003820	+566.582823E-03
0.003825	+478.643124E-03
0.003830	+667.085337E-03
0.003835	+579.145637E-03
0.003840	+755.025036E-03
0.003845	+591.708452E-03
0.003850	+541.457195E-03
0.003855	+604.271266E-03
0.003860	+792.713478E-03
0.003865	+704.773779E-03
0.003870	+591.708452E-03
0.003875	+591.708452E-03
0.003880	+792.713478E-03
0.003885	+792.713478E-03
0.003890	+792.713478E-03
0.003895	+792.713478E-03
0.003900	+792.713478E-03
0.003905	+704.773779E-03
0.003910	+842.964735E-03
0.003915	+616.834080E-03
0.003920	+792.713478E-03
0.003925	+792.713478E-03
0.003930	+968.592877E-03
0.003935	+792.713478E-03
0.003940	+993.718505E-03
0.003945	+880.653177E-03
0.003950	+830.401921E-03
0.003955	+830.401921E-03
0.003960	+956.030062E-03
0.003965	+930.904434E-03
0.003970	+993.718505E-03
0.003975	+1.031406947E+00
0.003980	+1.081658204E+00
0.003985	+1.131909461E+00
0.003990	+817.839107E-03
0.003995	+842.964735E-03
0.004000	+1.106783832E+00
0.004005	+1.194723532E+00
0.004010	+1.194723532E+00
0.004015	+1.244974788E+00
0.004020	+1.307788859E+00
0.004025	+1.144472275E+00
0.004030	+1.194723532E+00
0.004035	+1.307788859E+00
0.004040	+1.307788859E+00
0.004045	+1.194723532E+00
0.004050	+1.207286346E+00
0.004055	+1.345477302E+00
0.004060	+1.395728558E+00
0.004065	+1.559045142E+00
0.004070	+1.395728558E+00
0.004075	+1.332914487E+00
0.004080	+1.395728558E+00
0.004085	+1.295226045E+00
0.004090	+1.395728558E+00
0.004095	+1.395728558E+00
0.004100	+1.521356700E+00
0.004105	+1.571607957E+00
0.004110	+1.634422028E+00
0.004115	+1.521356700E+00
0.004120	+1.596733585E+00
0.004125	+1.596733585E+00
0.004130	+1.596733585E+00
0.004135	+1.395728558E+00
0.004140	+1.471105443E+00
0.004145	+1.395728558E+00
0.004150	+1.358040116E+00
0.004155	+1.496231072E+00
0.004160	+1.596733585E+00
0.004165	+1.395728558E+00
0.004170	+1.445979815E+00
0.004175	+1.496231072E+00
0.004180	+1.546482328E+00
0.004185	+1.395728558E+00
0.004190	+1.596733585E+00
0.004195	+1.697236098E+00
0.004200	+1.596733585E+00
0.004205	+1.609296399E+00
0.004210	+1.747487355E+00
0.004215	+1.596733585E+00
0.004220	+1.684673284E+00
0.004225	+1.797738612E+00
0.004230	+1.873115497E+00
0.004235	+1.797738612E+00
0.004240	+2.036432081E+00
0.004245	+1.986180824E+00
0.004250	+1.998743638E+00
0.004255	+2.086683338E+00
0.004260	+1.998743638E+00
0.004265	+1.973618010E+00
0.004270	+2.162060223E+00
0.004275	+2.136934594E+00
0.004280	+2.224874293E+00
0.004285	+2.036432081E+00
0.004290	+2.174623037E+00
0.004295	+2.136934594E+00
0.004300	+2.224874293E+00
0.004305	+2.199748665E+00
0.004310	+2.199748665E+00
0.004315	+2.262562736E+00
0.004320	+2.400753692E+00
0.004325	+2.249999922E+00
0.004330	+2.199748665E+00
0.004335	+2.400753692E+00
0.004340	+2.199748665E+00
0.004345	+2.400753692E+00
0.004350	+2.199748665E+00
0.004355	+2.249999922E+00
0.004360	+2.601758718E+00
0.004365	+2.551507462E+00
0.004370	+2.400753692E+00
0.004375	+2.451004948E+00
0.004380	+2.425879320E+00
0.004385	+2.400753692E+00
0.004390	+2.400753692E+00
0.004395	+2.438442134E+00
0.004400	+2.589195904E+00
0.004405	+2.601758718E+00
0.004410	+2.526381833E+00
0.004415	+2.576633090E+00
0.004420	+2.576633090E+00
0.004425	+2.526381833E+00
0.004430	+2.538944648E+00
0.004435	+2.400753692E+00
0.004440	+2.639447161E+00
0.004445	+2.601758718E+00
0.004450	+2.601758718E+00
0.004455	+2.790200931E+00
0.004460	+2.765075303E+00
0.004465	+2.714824046E+00
0.004470	+2.802763745E+00
0.004475	+2.802763745E+00
0.004480	+2.702261232E+00
0.004485	+2.702261232E+00
0.004490	+2.953517515E+00
0.004495	+3.003768772E+00
0.004500	+3.003768772E+00
0.004505	+3.003768772E+00
0.004510	+3.003768772E+00
0.004515	+3.003768772E+00
0.004520	+3.003768772E+00
0.004525	+2.802763745E+00
0.004530	+2.853015002E+00
0.004535	+3.028894400E+00
0.004540	+3.003768772E+00
0.004545	+3.003768772E+00
0.004550	+3.204773799E+00
0.004555	+3.192210984E+00
0.004560	+2.878140630E+00
0.004565	+3.330401940E+00
0.004570	+3.204773799E+00
0.004575	+3.204773799E+00
0.004580	+3.405778825E+00
0.004585	+3.079145657E+00
0.004590	+3.204773799E+00
0.004595	+3.204773799E+00
0.004600	+3.405778825E+00
0.004605	+3.204773799E+00
0.004610	+3.204773799E+00
0.004615	+3.569095409E+00
0.004620	+3.518844153E+00
0.004625	+3.405778825E+00
0.004630	+3.405778825E+00
0.004635	+3.456030082E+00
0.004640	+3.305276312E+00
0.004645	+3.506281339E+00
0.004650	+3.405778825E+00
0.004655	+3.468592896E+00
0.004660	+3.506281339E+00
0.004665	+3.657035109E+00
0.004670	+3.606783852E+00
0.004675	+3.807788879E+00
0.004680	+3.719849179E+00
0.004685	+3.657035109E+00
0.004690	+3.795226065E+00
0.004695	+3.945979835E+00
0.004700	+3.933417020E+00
0.004705	+4.008793905E+00
0.004710	+4.197236118E+00
0.004715	+4.008793905E+00
0.004720	+4.134422047E+00
0.004725	+4.209798932E+00
0.004730	+4.360552702E+00
0.004735	+4.209798932E+00
0.004740	+4.084170790E+00
0.004745	+4.410803959E+00
0.004750	+4.247487375E+00
0.004755	+4.649497428E+00
0.004760	+4.486180844E+00
0.004765	+4.435929587E+00
0.004770	+4.812814012E+00
0.004775	+4.724874313E+00
0.004780	+4.762562755E+00
0.004785	+4.825376826E+00
0.004790	+4.863065269E+00
0.004795	+5.126884366E+00
0.004800	+5.164572809E+00
0.004805	+5.214824066E+00
0.004810	+5.277638136E+00
0.004815	+5.315326579E+00
0.004820	+5.378140650E+00
0.004825	+5.415829092E+00
0.004830	+5.415829092E+00
0.004835	+5.516331606E+00
0.004840	+5.780150703E+00
0.004845	+5.616834119E+00
0.004850	+5.817839146E+00
0.004855	+5.817839146E+00
0.004860	+5.855527588E+00
0.004865	+6.043969801E+00
0.004870	+6.219849199E+00
0.004875	+6.219849199E+00
0.004880	+6.395728597E+00
0.004885	+6.219849199E+00
0.004890	+6.508793925E+00
0.004895	+6.559045182E+00
0.004900	+6.646984881E+00
0.004905	+6.659547695E+00
0.004910	+6.822864279E+00
0.004915	+7.023869306E+00
0.004920	+7.023869306E+00
0.004925	+7.074120563E+00
0.004930	+7.212311518E+00
0.004935	+7.375628103E+00
0.004940	+7.425879359E+00
0.004945	+7.739949713E+00
0.004950	+7.526381873E+00
0.004955	+7.777638156E+00
0.004960	+7.827889413E+00
0.004965	+7.940954740E+00
0.004970	+8.141959767E+00
0.004975	+8.280150723E+00
0.004980	+8.430904493E+00
0.004985	+8.430904493E+00
0.004990	+8.543969820E+00
0.004995	+8.795226104E+00
0.005000	+9.021356759E+00
0.005005	+8.908291431E+00
0.005010	+9.033919573E+00
0.005015	+9.373115555E+00
0.005020	+9.059045201E+00
0.005025	+9.574120582E+00
0.005030	+9.636934653E+00
0.005035	+9.674623095E+00
0.005040	+10.038944706E+00
0.005045	+9.925879379E+00
0.005050	+10.177135662E+00
0.005055	+10.440954760E+00
0.005060	+10.415829131E+00
0.005065	+10.729899486E+00
0.005070	+10.717336671E+00
0.005075	+10.842964813E+00
0.005080	+10.692211043E+00
0.005085	+11.144472353E+00
0.005090	+11.043969840E+00
0.005095	+11.445979893E+00
0.005100	+11.445979893E+00
0.005105	+11.546482407E+00
0.005110	+11.797738690E+00
0.005115	+11.847989947E+00
0.005120	+11.847989947E+00
0.005125	+12.048994973E+00
0.005130	+12.250000000E+00
0.005135	+12.451005027E+00
0.005140	+12.451005027E+00
0.005145	+12.451005027E+00
0.005150	+12.689698496E+00
0.005155	+12.865577894E+00
0.005160	+12.777638195E+00
0.005165	+13.167085434E+00
0.005170	+13.255025133E+00
0.005175	+13.255025133E+00
0.005180	+13.255025133E+00
0.005185	+13.456030160E+00
0.005190	+13.657035187E+00
0.005195	+13.506281417E+00
0.005200	+13.770100514E+00
0.005205	+13.657035187E+00
0.005210	+14.008793984E+00
0.005215	+14.059045240E+00
0.005220	+14.134422125E+00
0.005225	+14.121859311E+00
0.005230	+14.260050267E+00
0.005235	+14.260050267E+00
0.005240	+14.548994993E+00
0.005245	+14.599246250E+00
0.005250	+14.649497506E+00
0.005255	+14.863065347E+00
0.005260	+14.750000020E+00
0.005265	+14.662060320E+00
0.005270	+14.863065347E+00
0.005275	+14.913316604E+00
0.005280	+14.963567860E+00
0.005285	+15.064070374E+00
0.005290	+15.064070374E+00
0.005295	+15.001256303E+00
0.005300	+14.863065347E+00
0.005305	+14.938442232E+00
0.005310	+14.875628161E+00
0.005315	+15.064070374E+00
0.005320	+15.089196002E+00
0.005325	+15.189698515E+00
0.005330	+15.064070374E+00
0.005335	+15.064070374E+00
0.005340	+14.938442232E+00
0.005345	+15.064070374E+00
0.005350	+15.064070374E+00
0.005355	+15.177135701E+00
0.005360	+15.064070374E+00
0.005365	+15.239949772E+00
0.005370	+15.026381931E+00
0.005375	+14.976130675E+00
0.005380	+14.724874391E+00
0.005385	+14.863065347E+00
0.005390	+14.863065347E+00
0.005395	+14.762562834E+00
0.005400	+14.863065347E+00
0.005405	+14.662060320E+00
0.005410	+14.498743736E+00
0.005415	+14.561557807E+00
0.005420	+14.461055294E+00
0.005425	+14.260050267E+00
0.005430	+14.197236196E+00
0.005435	+14.260050267E+00
0.005440	+14.260050267E+00
0.005445	+14.046482426E+00
0.005450	+14.059045240E+00
0.005455	+14.059045240E+00
0.005460	+13.694723629E+00
0.005465	+13.657035187E+00
0.005470	+13.858040214E+00
0.005475	+13.531407045E+00
0.005480	+13.418341718E+00
0.005485	+13.267587948E+00
0.005490	+13.305276390E+00
0.005495	+13.054020107E+00
0.005500	+12.878140708E+00
0.005505	+12.878140708E+00
0.005510	+12.765075381E+00
0.005515	+12.501256283E+00
0.005520	+12.652010053E+00
0.005525	+12.576633168E+00
0.005530	+12.363065328E+00
0.005535	+12.048994973E+00
0.005540	+12.074120602E+00
0.005545	+11.898241203E+00
0.005550	+11.847989947E+00
0.005555	+11.797738690E+00
0.005560	+11.847989947E+00
0.005565	+11.697236177E+00
0.005570	+11.445979893E+00
0.005575	+11.307788937E+00
0.005580	+11.257537681E+00
0.005585	+11.043969840E+00
0.005590	+11.043969840E+00
0.005595	+11.006281397E+00
0.005600	+10.855527627E+00
0.005605	+10.842964813E+00
0.005610	+10.641959786E+00
0.005615	+10.491206016E+00
0.005620	+10.428391946E+00
0.005625	+10.315326618E+00
0.005630	+10.327889432E+00
0.005635	+10.038944706E+00
0.005640	+10.064070335E+00
0.005645	+10.177135662E+00
0.005650	+9.636934653E+00
0.005655	+9.674623095E+00
0.005660	+9.837939680E+00
0.005665	+9.599246210E+00
0.005670	+9.574120582E+00
0.005675	+9.423366812E+00
0.005680	+9.209798971E+00
0.005685	+9.234924600E+00
0.005690	+9.172110529E+00
0.005695	+8.832914546E+00
0.005700	+8.832914546E+00
0.005705	+8.933417059E+00
0.005710	+8.832914546E+00
0.005715	+8.832914546E+00
0.005720	+8.481155749E+00
0.005725	+8.631909519E+00
0.005730	+8.581658263E+00
0.005735	+8.430904493E+00
0.005740	+8.430904493E+00
0.005745	+8.330401979E+00
0.005750	+8.229899466E+00
0.005755	+8.229899466E+00
0.005760	+8.028894439E+00
0.005765	+8.129396953E+00
0.005770	+8.079145696E+00
0.005775	+7.827889413E+00
0.005780	+7.966080368E+00
0.005785	+8.028894439E+00
0.005790	+7.966080368E+00
0.005795	+7.853015041E+00
0.005800	+7.827889413E+00
0.005805	+7.752512528E+00
0.005810	+7.802763784E+00
0.005815	+7.664572828E+00
0.005820	+7.953517554E+00
0.005825	+7.765075342E+00
0.005830	+7.827889413E+00
0.005835	+7.802763784E+00
0.005840	+7.714824085E+00
0.005845	+8.028894439E+00
0.005850	+7.827889413E+00
0.005855	+7.827889413E+00
0.005860	+7.928391926E+00
0.005865	+7.978643183E+00
0.005870	+8.028894439E+00
0.005875	+8.192211024E+00
0.005880	+8.141959767E+00
0.005885	+8.342964794E+00
0.005890	+8.430904493E+00
0.005895	+8.380653236E+00
0.005900	+8.129396953E+00
0.005905	+8.192211024E+00
0.005910	+7.840452227E+00
0.005915	+8.028894439E+00
0.005920	+7.739949713E+00
0.005925	+7.589195943E+00
0.005930	+7.614321572E+00
0.005935	+7.501256244E+00
0.005940	+7.425879359E+00
0.005945	+7.463567802E+00
0.005950	+7.249999961E+00
0.005955	+7.224874333E+00
0.005960	+7.513819058E+00
0.005965	+7.463567802E+00
0.005970	+7.425879359E+00
0.005975	+7.187185890E+00
0.005980	+7.224874333E+00
0.005985	+6.847989907E+00
0.005990	+6.822864279E+00
0.005995	+6.508793925E+00
0.006000	+6.018844172E+00
0.006005	+5.641959747E+00
0.006010	+5.064070296E+00
0.006015	+4.611808985E+00
0.006020	+4.272613003E+00
0.006025	+4.008793905E+00
0.006030	+3.255025055E+00
0.006035	+3.003768772E+00
0.006040	+3.003768772E+00
0.006045	+2.815326559E+00
0.006050	+3.154522542E+00
0.006055	+3.317839126E+00
0.006060	+3.569095409E+00
0.006065	+3.606783852E+00
0.006070	+3.405778825E+00
0.006075	+3.192210984E+00
0.006080	+3.204773799E+00
0.006085	+2.802763745E+00
0.006090	+2.878140630E+00
0.006095	+2.802763745E+00
0.006100	+2.777638117E+00
0.006105	+2.589195904E+00
0.006110	+2.551507462E+00
0.006115	+2.400753692E+00
0.006120	+2.752512489E+00
0.006125	+2.576633090E+00
0.006130	+2.601758718E+00
0.006135	+2.878140630E+00
0.006140	+2.626884347E+00
0.006145	+3.003768772E+00
0.006150	+3.003768772E+00
0.006155	+3.141959728E+00
0.006160	+2.991205958E+00
0.006165	+2.802763745E+00
0.006170	+3.003768772E+00
0.006175	+2.802763745E+00
0.006180	+3.003768772E+00
0.006185	+3.204773799E+00
0.006190	+3.405778825E+00
0.006195	+3.606783852E+00
0.006200	+4.008793905E+00
0.006205	+4.008793905E+00
0.006210	+4.322864260E+00
0.006215	+4.410803959E+00
0.006220	+4.812814012E+00
0.006225	+5.076633110E+00
0.006230	+5.126884366E+00
0.006235	+4.812814012E+00
0.006240	+5.013819039E+00
0.006245	+4.486180844E+00
0.006250	+4.134422047E+00
0.006255	+4.008793905E+00
0.006260	+3.996231091E+00
0.006265	+3.744974808E+00
0.006270	+3.732411994E+00
0.006275	+3.443467268E+00
0.006280	+3.204773799E+00
0.006285	+3.204773799E+00
0.006290	+3.003768772E+00
0.006295	+3.003768772E+00
0.006300	+2.978643144E+00
0.006305	+2.601758718E+00
0.006310	+2.739949674E+00
0.006315	+2.601758718E+00
0.006320	+2.601758718E+00
0.006325	+2.513819019E+00
0.006330	+2.350502435E+00
0.006335	+2.199748665E+00
0.006340	+2.199748665E+00
0.006345	+2.199748665E+00
0.006350	+2.061557709E+00
0.006355	+1.998743638E+00
0.006360	+1.998743638E+00
0.006365	+1.898241125E+00
0.006370	+1.646984842E+00
0.006375	+1.797738612E+00
0.006380	+1.747487355E+00
0.006385	+1.596733585E+00
0.006390	+1.646984842E+00
0.006395	+1.785175798E+00
0.006400	+1.596733585E+00
0.006405	+1.596733585E+00
0.006410	+1.596733585E+00
0.006415	+1.395728558E+00
0.006420	+1.332914487E+00
0.006425	+1.483668257E+00
0.006430	+1.370602930E+00
0.006435	+1.194723532E+00
0.006440	+1.320351673E+00
0.006445	+1.270100417E+00
0.006450	+1.194723532E+00
0.006455	+1.194723532E+00
0.006460	+993.718505E-03
0.006465	+1.069095390E+00
0.006470	+1.194723532E+00
0.006475	+1.043969762E+00
0.006480	+993.718505E-03
0.006485	+993.718505E-03
0.006490	+1.194723532E+00
0.006495	+1.094221018E+00
0.006500	+993.718505E-03
0.006505	+1.056532576E+00
0.006510	+805.276292E-03
0.006515	+1.056532576E+00
0.006520	+1.106783832E+00
0.006525	+842.964735E-03
0.006530	+1.194723532E+00
0.006535	+1.144472275E+00
0.006540	+905.778806E-03
0.006545	+993.718505E-03
0.006550	+993.718505E-03
0.006555	+868.090363E-03
0.006560	+993.718505E-03
0.006565	+1.031406947E+00
0.006570	+993.718505E-03
0.006575	+1.056532576E+00
0.006580	+993.718505E-03
0.006585	+968.592877E-03
0.006590	+1.031406947E+00
0.006595	+918.341620E-03
0.006600	+868.090363E-03
0.006605	+792.713478E-03
0.006610	+792.713478E-03
0.006615	+792.713478E-03
0.006620	+792.713478E-03
0.006625	+780.150664E-03
0.006630	+956.030062E-03
0.006635	+905.778806E-03
0.006640	+792.713478E-03
0.006645	+792.713478E-03
0.006650	+755.025036E-03
0.006655	+604.271266E-03
0.006660	+742.462222E-03
0.006665	+403.266239E-03
0.006670	+591.708452E-03
0.006675	+692.210965E-03
0.006680	+591.708452E-03
0.006685	+792.713478E-03
0.006690	+591.708452E-03
0.006695	+591.708452E-03
0.006700	+440.954681E-03
0.006705	+591.708452E-03
0.006710	+528.894381E-03
0.006715	+591.708452E-03
0.006720	+591.708452E-03
0.006725	+415.829053E-03
0.006730	+541.457195E-03
0.006735	+554.020009E-03
0.006740	+566.582823E-03
0.006745	+541.457195E-03
0.006750	+516.331566E-03
0.006755	+189.698398E-03
0.006760	+579.145637E-03
0.006765	+390.703425E-03
0.006770	+717.336593E-03
0.006775	+265.075283E-03
0.006780	+415.829053E-03
0.006785	+353.014982E-03
0.006790	+290.200911E-03
0.006795	+390.703425E-03
0.006800	+390.703425E-03
0.006805	+189.698398E-03
0.006810	+390.703425E-03
0.006815	+390.703425E-03
0.006820	+390.703425E-03
0.006825	+302.763726E-03
0.006830	+403.266239E-03
0.006835	+353.014982E-03
0.006840	+202.261212E-03
0.006845	+189.698398E-03
0.006850	+302.763726E-03
0.006855	+353.014982E-03
0.006860	+26.381814E-03
0.006865	+189.698398E-03
0.006870	-11.306629E-03
0.006875	+365.577796E-03
0.006880	+177.135584E-03
0.006885	+139.447141E-03
0.006890	-11.306629E-03
0.006895	+164.572770E-03
0.006900	+189.698398E-03
0.006905	+76.633071E-03
0.006910	+189.698398E-03
0.006915	-23.869443E-03
0.006920	-11.306629E-03
0.006925	+26.381814E-03
0.006930	+64.070256E-03
0.006935	-11.306629E-03
0.006940	+114.321513E-03
0.006945	-23.869443E-03
0.006950	-11.306629E-03
0.006955	-187.186027E-03
0.006960	-48.995071E-03
0.006965	+101.758699E-03
0.006970	-11.306629E-03
0.006975	-11.306629E-03
0.006980	-61.557885E-03
0.006985	+1.256186E-03
0.006990	-162.060399E-03
0.006995	-199.748841E-03
0.007000	+189.698398E-03
0.007005	+101.758699E-03
0.007010	-11.306629E-03
0.007015	-187.186027E-03
0.007020	-212.311655E-03
0.007025	-86.683514E-03
0.007030	-11.306629E-03
0.007035	-48.995071E-03
0.007040	-11.306629E-03
0.007045	-11.306629E-03
0.007050	-61.557885E-03
0.007055	-212.311655E-03
0.007060	-86.683514E-03
0.007065	-337.939797E-03
0.007070	-212.311655E-03
0.007075	-237.437284E-03
0.007080	-413.316682E-03
0.007085	-337.939797E-03
0.007090	-388.191054E-03
0.007095	-363.065425E-03
0.007100	-413.316682E-03
0.007105	-413.316682E-03
0.007110	-224.874469E-03
0.007115	-614.321709E-03
0.007120	-513.819195E-03
0.007125	-815.326735E-03
0.007130	-614.321709E-03
0.007135	-1.066583019E+00
0.007140	-1.016331762E+00
0.007145	-1.054020205E+00
0.007150	-1.028894576E+00
0.007155	-1.217336789E+00
0.007160	-1.104271461E+00
0.007165	-1.217336789E+00
0.007170	-1.192211160E+00
0.007175	-1.141959904E+00
0.007180	-1.418341815E+00
0.007185	-1.217336789E+00
0.007190	-1.229899603E+00
0.007195	-1.280150860E+00
0.007200	-1.091708647E+00
0.007205	-1.066583019E+00
0.007210	-1.217336789E+00
0.007215	-1.330402116E+00
0.007220	-1.217336789E+00
0.007225	-1.028894576E+00
0.007230	-1.079145833E+00
0.007235	-928.392063E-03
0.007240	-878.140806E-03
0.007245	-840.452364E-03
0.007250	-966.080505E-03
0.007255	-790.201107E-03
0.007260	-815.326735E-03
0.007265	-1.003768948E+00
0.007270	-815.326735E-03
0.007275	-815.326735E-03
0.007280	-614.321709E-03
0.007285	-614.321709E-03
0.007290	-714.824222E-03
0.007295	-614.321709E-03
0.007300	-564.070452E-03
0.007305	-790.201107E-03
0.007310	-614.321709E-03
0.007315	-614.321709E-03
0.007320	-250.000098E-03
0.007325	-413.316682E-03
0.007330	-476.130753E-03
0.007335	-212.311655E-03
0.007340	-476.130753E-03
0.007345	-388.191054E-03
0.007350	-337.939797E-03
0.007355	-287.688540E-03
0.007360	-212.311655E-03
0.007365	-237.437284E-03
0.007370	-124.371956E-03
0.007375	-275.125726E-03
0.007380	-212.311655E-03
0.007385	-375.628239E-03
0.007390	-86.683514E-03
0.007395	-136.934770E-03
0.007400	-11.306629E-03
0.007405	-162.060399E-03
0.007410	-11.306629E-03
0.007415	-11.306629E-03
0.007420	+1.256186E-03
0.007425	+38.944628E-03
0.007430	-11.306629E-03
0.007435	+139.447141E-03
0.007440	+189.698398E-03
0.007445	+139.447141E-03
0.007450	-111.809142E-03
0.007455	-48.995071E-03
0.007460	-11.306629E-03
0.007465	+139.447141E-03
0.007470	+101.758699E-03
0.007475	+76.633071E-03
0.007480	+378.140611E-03
0.007485	+390.703425E-03
0.007490	+189.698398E-03
0.007495	+365.577796E-03
0.007500	+214.824026E-03
0.007505	+327.889354E-03
0.007510	+390.703425E-03
0.007515	+51.507442E-03
0.007520	+390.703425E-03
0.007525	+390.703425E-03
0.007530	+327.889354E-03
0.007535	+189.698398E-03
0.007540	+390.703425E-03
0.007545	+390.703425E-03
0.007550	+466.080310E-03
0.007555	+390.703425E-03
0.007560	+440.954681E-03
0.007565	+503.768752E-03
0.007570	+453.517496E-03
0.007575	+591.708452E-03
0.007580	+554.020009E-03
0.007585	+591.708452E-03
0.007590	+591.708452E-03
0.007595	+403.266239E-03
0.007600	+591.708452E-03
0.007605	+503.768752E-03
0.007610	+641.959708E-03
0.007615	+792.713478E-03
0.007620	+591.708452E-03
0.007625	+993.718505E-03
0.007630	+842.964735E-03
0.007635	+792.713478E-03
0.007640	+792.713478E-03
0.007645	+767.587850E-03
0.007650	+968.592877E-03
0.007655	+591.708452E-03
0.007660	+591.708452E-03
0.007665	+679.648151E-03
0.007670	+591.708452E-03
0.007675	+629.396894E-03
0.007680	+717.336593E-03
0.007685	+591.708452E-03
0.007690	+755.025036E-03
0.007695	+428.391867E-03
0.007700	+516.331566E-03
0.007705	+591.708452E-03
0.007710	+415.829053E-03
0.007715	+189.698398E-03
0.007720	+503.768752E-03
0.007725	+252.512469E-03
0.007730	+202.261212E-03
0.007735	+390.703425E-03
0.007740	+290.200911E-03
0.007745	+252.512469E-03
0.007750	+1.256186E-03
0.007755	+340.452168E-03
0.007760	+503.768752E-03
0.007765	+189.698398E-03
0.007770	+202.261212E-03
0.007775	+340.452168E-03
0.007780	+189.698398E-03
0.007785	+353.014982E-03
0.007790	+189.698398E-03
0.007795	+265.075283E-03
0.007800	+227.386841E-03
0.007805	+189.698398E-03
0.007810	+214.824026E-03
0.007815	+189.698398E-03
0.007820	+76.633071E-03
0.007825	+227.386841E-03
0.007830	+340.452168E-03
0.007835	+277.638097E-03
0.007840	+252.512469E-03
0.007845	+189.698398E-03
0.007850	+189.698398E-03
0.007855	+76.633071E-03
0.007860	+265.075283E-03
0.007865	+13.819000E-03
0.007870	+38.944628E-03
0.007875	+189.698398E-03
0.007880	+51.507442E-03
0.007885	-11.306629E-03
0.007890	+239.949655E-03
0.007895	+189.698398E-03
0.007900	+139.447141E-03
0.007905	+189.698398E-03
0.007910	+51.507442E-03
0.007915	+89.195885E-03
0.007920	+152.009956E-03
0.007925	+189.698398E-03
0.007930	-36.432257E-03
0.007935	+101.758699E-03
0.007940	+76.633071E-03
0.007945	-174.623213E-03
0.007950	-11.306629E-03
0.007955	-11.306629E-03
0.007960	+26.381814E-03
0.007965	-11.306629E-03
0.007970	-212.311655E-03
0.007975	-11.306629E-03
0.007980	-11.306629E-03
0.007985	-212.311655E-03
0.007990	-325.376983E-03
0.007995	-136.934770E-03
0.008000	-212.311655E-03
0.008005	-212.311655E-03
0.008010	-86.683514E-03
0.008015	-136.934770E-03
0.008020	-36.432257E-03
0.008025	-48.995071E-03
0.008030	-212.311655E-03
0.008035	-212.311655E-03
0.008040	-212.311655E-03
0.008045	-48.995071E-03
0.008050	-212.311655E-03
0.008055	-11.306629E-03
0.008060	-11.306629E-03
0.008065	-11.306629E-03
0.008070	-212.311655E-03
0.008075	-11.306629E-03
0.008080	-199.748841E-03
0.008085	+139.447141E-03
0.008090	-11.306629E-03
0.008095	-11.306629E-03
0.008100	-23.869443E-03
0.008105	+64.070256E-03
0.008110	-11.306629E-03
0.008115	-36.432257E-03
0.008120	-11.306629E-03
0.008125	-11.306629E-03
0.008130	-124.371956E-03
0.008135	-212.311655E-03
0.008140	-11.306629E-03
0.008145	-11.306629E-03
0.008150	-74.120699E-03
0.008155	-212.311655E-03
0.008160	+26.381814E-03
0.008165	-11.306629E-03
0.008170	-11.306629E-03
0.008175	+177.135584E-03
0.008180	-48.995071E-03
0.008185	-23.869443E-03
0.008190	-149.497584E-03
0.008195	-11.306629E-03
0.008200	-111.809142E-03
0.008205	-11.306629E-03
0.008210	-11.306629E-03
0.008215	+1.256186E-03
0.008220	-212.311655E-03
0.008225	-11.306629E-03
0.008230	-162.060399E-03
0.008235	-11.306629E-03
0.008240	-149.497584E-03
0.008245	+13.819000E-03
0.008250	+114.321513E-03
0.008255	-212.311655E-03
0.008260	-212.311655E-03
0.008265	-11.306629E-03
0.008270	-212.311655E-03
0.008275	-187.186027E-03
0.008280	-136.934770E-03
0.008285	-174.623213E-03
0.008290	-11.306629E-03
0.008295	-36.432257E-03
0.008300	-124.371956E-03
0.008305	-11.306629E-03
0.008310	-212.311655E-03
0.008315	-36.432257E-03
0.008320	-124.371956E-03
0.008325	-74.120699E-03
0.008330	-23.869443E-03
0.008335	-363.065425E-03
0.008340	-111.809142E-03
0.008345	-212.311655E-03
0.008350	-212.311655E-03
0.008355	-212.311655E-03
0.008360	-212.311655E-03
0.008365	-350.502611E-03
0.008370	-212.311655E-03
0.008375	-61.557885E-03
0.008380	-111.809142E-03
0.008385	-48.995071E-03
0.008390	-11.306629E-03
0.008395	-11.306629E-03
0.008400	-111.809142E-03
0.008405	-212.311655E-03
0.008410	-187.186027E-03
0.008415	-212.311655E-03
0.008420	-11.306629E-03
0.008425	-212.311655E-03
0.008430	-187.186027E-03
0.008435	+64.070256E-03
0.008440	-212.311655E-03
0.008445	-212.311655E-03
0.008450	+315.326540E-03
0.008455	+76.633071E-03
0.008460	-74.120699E-03
0.008465	-11.306629E-03
0.008470	-36.432257E-03
0.008475	-212.311655E-03
0.008480	-74.120699E-03
0.008485	-212.311655E-03
0.008490	-11.306629E-03
0.008495	-212.311655E-03
0.008500	-149.497584E-03
0.008505	-11.306629E-03
0.008510	-212.311655E-03
0.008515	-99.246328E-03
0.008520	-111.809142E-03
0.008525	-11.306629E-03
0.008530	-212.311655E-03
0.008535	-111.809142E-03
0.008540	-363.065425E-03
0.008545	+177.135584E-03
0.008550	-11.306629E-03
0.008555	-224.874469E-03
0.008560	-11.306629E-03
0.008565	-212.311655E-03
0.008570	-136.934770E-03
0.008575	-124.371956E-03
0.008580	-212.311655E-03
0.008585	-11.306629E-03
0.008590	-11.306629E-03
0.008595	-212.311655E-03
0.008600	-36.432257E-03
0.008605	-350.502611E-03
0.008610	-86.683514E-03
0.008615	-337.939797E-03
0.008620	-212.311655E-03
0.008625	-174.623213E-03
0.008630	-124.371956E-03
0.008635	-74.120699E-03
0.008640	-11.306629E-03
0.008645	-11.306629E-03
0.008650	-212.311655E-03
0.008655	-124.371956E-03
0.008660	-11.306629E-03
0.008665	-250.000098E-03
0.008670	-212.311655E-03
0.008675	-61.557885E-03
0.008680	-11.306629E-03
0.008685	-11.306629E-03
0.008690	-212.311655E-03
0.008695	-11.306629E-03
0.008700	-400.753868E-03
0.008705	-149.497584E-03
0.008710	-212.311655E-03
0.008715	-162.060399E-03
0.008720	-212.311655E-03
0.008725	-212.311655E-03
0.008730	-86.683514E-03
0.008735	-212.311655E-03
0.008740	-11.306629E-03
0.008745	-413.316682E-03
0.008750	-212.311655E-03
0.008755	-212.311655E-03
0.008760	-11.306629E-03
0.008765	-212.311655E-03
0.008770	-212.311655E-03
0.008775	-388.191054E-03
0.008780	-212.311655E-03
0.008785	-86.683514E-03
0.008790	-136.934770E-03
0.008795	-36.432257E-03
0.008800	-162.060399E-03
0.008805	-300.251354E-03
0.008810	-149.497584E-03
0.008815	-212.311655E-03
0.008820	-11.306629E-03
0.008825	-212.311655E-03
0.008830	-212.311655E-03
0.008835	-11.306629E-03
0.008840	-149.497584E-03
0.008845	-111.809142E-03
0.008850	-48.995071E-03
0.008855	-199.748841E-03
0.008860	-86.683514E-03
0.008865	-187.186027E-03
0.008870	-162.060399E-03
0.008875	-187.186027E-03
0.008880	-212.311655E-03
0.008885	-124.371956E-03
0.008890	-212.311655E-03
0.008895	-388.191054E-03
0.008900	-149.497584E-03
0.008905	-124.371956E-03
0.008910	-174.623213E-03
0.008915	-36.432257E-03
0.008920	-86.683514E-03
0.008925	-275.125726E-03
0.008930	-11.306629E-03
0.008935	-212.311655E-03
0.008940	-212.311655E-03
0.008945	-136.934770E-03
0.008950	-212.311655E-03
0.008955	-212.311655E-03
0.008960	-99.246328E-03
0.008965	-212.311655E-03
0.008970	-11.306629E-03
0.008975	-212.311655E-03
0.008980	-212.311655E-03
0.008985	-11.306629E-03
0.008990	-199.748841E-03
0.008995	-61.557885E-03
0.009000	-312.814169E-03
0.009005	-212.311655E-03
0.009010	-199.748841E-03
0.009015	-212.311655E-03
0.009020	-99.246328E-03
0.009025	-212.311655E-03
0.009030	-11.306629E-03
0.009035	-74.120699E-03
0.009040	-212.311655E-03
0.009045	-212.311655E-03
0.009050	-162.060399E-03
0.009055	-212.311655E-03
0.009060	-212.311655E-03
0.009065	-212.311655E-03
0.009070	-212.311655E-03
0.009075	-11.306629E-03
0.009080	-413.316682E-03
0.009085	-363.065425E-03
0.009090	+126.884327E-03
0.009095	-212.311655E-03
0.009100	-337.939797E-03
0.009105	-224.874469E-03
0.009110	-212.311655E-03
0.009115	-111.809142E-03
0.009120	-212.311655E-03
0.009125	-11.306629E-03
0.009130	-48.995071E-03
0.009135	-212.311655E-03
0.009140	-61.557885E-03
0.009145	-212.311655E-03
0.009150	-149.497584E-03
0.009155	-11.306629E-03
0.009160	-212.311655E-03
0.009165	-23.869443E-03
0.009170	-61.557885E-03
0.009175	-312.814169E-03
0.009180	-11.306629E-03
0.009185	-11.306629E-03
0.009190	-136.934770E-03
0.009195	-124.371956E-03
0.009200	-337.939797E-03
0.009205	-187.186027E-03
0.009210	-212.311655E-03
0.009215	-124.371956E-03
0.009220	-36.432257E-03
0.009225	-350.502611E-03
0.009230	-212.311655E-03
0.009235	-262.562912E-03
0.009240	-23.869443E-03
0.009245	-36.432257E-03
0.009250	-124.371956E-03
0.009255	-212.311655E-03
0.009260	-212.311655E-03
0.009265	-212.311655E-03
0.009270	-312.814169E-03
0.009275	-212.311655E-03
0.009280	-199.748841E-03
0.009285	-212.311655E-03
0.009290	-212.311655E-03
0.009295	-212.311655E-03
0.009300	-212.311655E-03
0.009305	-212.311655E-03
0.009310	-212.311655E-03
0.009315	-212.311655E-03
0.009320	-11.306629E-03
0.009325	-61.557885E-03
0.009330	-111.809142E-03
0.009335	-48.995071E-03
0.009340	-187.186027E-03
0.009345	-212.311655E-03
0.009350	-11.306629E-03
0.009355	-212.311655E-03
0.009360	-23.869443E-03
0.009365	-136.934770E-03
0.009370	-212.311655E-03
0.009375	-212.311655E-03
0.009380	-174.623213E-03
0.009385	-212.311655E-03
0.009390	-212.311655E-03
0.009395	-23.869443E-03
0.009400	-36.432257E-03
0.009405	-212.311655E-03
0.009410	-74.120699E-03
0.009415	-388.191054E-03
0.009420	-212.311655E-03
0.009425	-212.311655E-03
0.009430	-212.311655E-03
0.009435	-413.316682E-03
0.009440	-48.995071E-03
0.009445	-111.809142E-03
0.009450	-212.311655E-03
0.009455	-212.311655E-03
0.009460	-212.311655E-03
0.009465	-11.306629E-03
0.009470	-99.246328E-03
0.009475	-388.191054E-03
0.009480	-350.502611E-03
0.009485	-212.311655E-03
0.009490	-212.311655E-03
0.009495	-187.186027E-03
0.009500	-74.120699E-03
0.009505	-212.311655E-03
0.009510	-36.432257E-03
0.009515	-388.191054E-03
0.009520	-74.120699E-03
0.009525	-11.306629E-03
0.009530	-11.306629E-03
0.009535	-212.311655E-03
0.009540	-212.311655E-03
0.009545	-212.311655E-03
0.009550	-23.869443E-03
0.009555	-212.311655E-03
0.009560	-11.306629E-03
0.009565	-136.934770E-03
0.009570	-413.316682E-03
0.009575	-11.306629E-03
0.009580	-212.311655E-03
0.009585	-149.497584E-03
0.009590	-11.306629E-03
0.009595	-212.311655E-03
0.009600	-212.311655E-03
0.009605	-11.306629E-03
0.009610	-199.748841E-03
0.009615	-212.311655E-03
0.009620	-111.809142E-03
0.009625	-212.311655E-03
0.009630	-23.869443E-03
0.009635	-212.311655E-03
0.009640	-99.246328E-03
0.009645	-11.306629E-03
0.009650	-212.311655E-03
0.009655	-74.120699E-03
0.009660	-212.311655E-03
0.009665	-11.306629E-03
0.009670	-363.065425E-03
0.009675	-136.934770E-03
0.009680	-325.376983E-03
0.009685	-36.432257E-03
0.009690	-174.623213E-03
0.009695	-212.311655E-03
0.009700	-212.311655E-03
0.009705	-187.186027E-03
0.009710	-212.311655E-03
0.009715	-86.683514E-03
0.009720	-136.934770E-03
0.009725	-187.186027E-03
0.009730	-124.371956E-03
0.009735	-300.251354E-03
0.009740	-212.311655E-03
0.009745	-212.311655E-03
0.009750	-250.000098E-03
0.009755	-11.306629E-03
0.009760	-212.311655E-03
0.009765	-11.306629E-03
0.009770	-212.311655E-03
0.009775	-212.311655E-03
0.009780	-212.311655E-03
0.009785	-212.311655E-03
0.009790	-212.311655E-03
0.009795	-300.251354E-03
0.009800	-162.060399E-03
0.009805	-187.186027E-03
0.009810	-275.125726E-03
0.009815	-86.683514E-03
0.009820	-36.432257E-03
0.009825	-212.311655E-03
0.009830	-74.120699E-03
0.009835	-212.311655E-03
0.009840	-212.311655E-03
0.009845	-212.311655E-03
0.009850	-287.688540E-03
0.009855	-275.125726E-03
0.009860	-23.869443E-03
0.009865	-174.623213E-03
0.009870	-325.376983E-03
0.009875	-212.311655E-03
0.009880	-212.311655E-03
0.009885	-48.995071E-03
0.009890	-111.809142E-03
0.009895	-212.311655E-03
0.009900	-11.306629E-03
0.009905	-212.311655E-03
0.009910	-99.246328E-03
0.009915	-350.502611E-03
0.009920	-212.311655E-03
0.009925	-212.311655E-03
0.009930	-99.246328E-03
0.009935	-162.060399E-03
0.009940	-212.311655E-03
0.009945	-11.306629E-03
0.009950	-212.311655E-03
0.009955	-212.311655E-03
0.009960	-212.311655E-03
0.009965	-275.125726E-03
0.009970	-86.683514E-03
0.009975	-212.311655E-03
0.009980	-212.311655E-03
0.009985	-74.120699E-03
0.009990	-212.311655E-03
0.009995	-212.311655E-03
