0,000249875	-380.0253E-03
0,00049975	-681.5328E-03
0,000749625	-581.0303E-03
0,0009995	-681.5328E-03
0,001249375	-555.9047E-03
0,00149925	-455.4022E-03
0,001749125	-681.5328E-03
0,001999	-681.5328E-03
0,002248875	-405.1509E-03
0,00249875	-606.1559E-03
0,002748625	-279.5228E-03
0,0029985	-279.5228E-03
0,003248375	-279.5228E-03
0,00349825	-279.5228E-03
0,003748125	-279.5228E-03
0,003998	-606.1559E-03
0,004247875	-681.5328E-03
0,00449775	-128.7690E-03
0,004747625	+47.1104E-03
0,0049975	-279.5228E-03
0,005247375	-505.6534E-03
0,00549725	-530.7791E-03
0,005747125	-681.5328E-03
0,005997	-279.5228E-03
0,006246875	-480.5278E-03
0,00649675	-103.6434E-03
0,006746625	-279.5228E-03
0,0069965	-354.8997E-03
0,007246375	-279.5228E-03
0,00749625	-380.0253E-03
0,007746125	-279.5228E-03
0,007996	-153.8946E-03
0,008245875	-455.4022E-03
0,00849575	-480.5278E-03
0,008745625	-656.4072E-03
0,0089955	-380.0253E-03
0,009245375	-279.5228E-03
0,00949525	-354.8997E-03
0,009745125	-279.5228E-03
0,009995	-681.5328E-03
0,010244875	-279.5228E-03
0,01049475	+72.2360E-03
0,010744625	-681.5328E-03
0,0109945	-279.5228E-03
0,011244375	-430.2765E-03
0,01149425	-279.5228E-03
0,011744125	-329.7740E-03
0,011994	-279.5228E-03
0,012243875	-279.5228E-03
0,01249375	-304.6484E-03
0,012743625	-606.1559E-03
0,0129935	-279.5228E-03
0,013243375	-279.5228E-03
0,01349325	-279.5228E-03
0,013743125	-354.8997E-03
0,013993	-480.5278E-03
0,014242875	-957.9147E-03
0,01449275	-279.5228E-03
0,014742625	+47.1104E-03
0,0149925	-480.5278E-03
0,015242375	-555.9047E-03
0,01549225	-681.5328E-03
0,015742125	-279.5228E-03
0,015992	-279.5228E-03
0,016241875	-354.8997E-03
0,01649175	-279.5228E-03
0,016741625	-681.5328E-03
0,0169915	-279.5228E-03
0,017241375	-279.5228E-03
0,01749125	-279.5228E-03
0,017741125	-405.1509E-03
0,017991	-505.6534E-03
0,018240875	-204.1459E-03
0,01849075	-304.6484E-03
0,018740625	-530.7791E-03
0,0189905	-681.5328E-03
0,019240375	-329.7740E-03
0,01949025	-229.2715E-03
0,019740125	-354.8997E-03
0,01999	-279.5228E-03
0,020239875	+97.3616E-03
0,02048975	-681.5328E-03
0,020739625	-430.2765E-03
0,0209895	-405.1509E-03
0,021239375	-631.2816E-03
0,02148925	-581.0303E-03
0,021739125	-279.5228E-03
0,021989	-782.0353E-03
0,022238875	-656.4072E-03
0,02248875	-354.8997E-03
0,022738625	-480.5278E-03
0,0229885	-380.0253E-03
0,023238375	-656.4072E-03
0,02348825	-555.9047E-03
0,023738125	-279.5228E-03
0,023988	-179.0203E-03
0,024237875	-279.5228E-03
0,02448775	-380.0253E-03
0,024737625	-455.4022E-03
0,0249875	-279.5228E-03
0,025237375	-681.5328E-03
0,02548725	-530.7791E-03
0,025737125	-103.6434E-03
0,025987	-329.7740E-03
0,026236875	-304.6484E-03
0,02648675	-405.1509E-03
0,026736625	-505.6534E-03
0,0269865	-329.7740E-03
0,027236375	-279.5228E-03
0,02748625	-681.5328E-03
0,027736125	-3.1409E-03
0,027986	+97.3616E-03
0,028235875	-279.5228E-03
0,02848575	-505.6534E-03
0,028735625	-681.5328E-03
0,0289855	-304.6484E-03
0,029235375	-329.7740E-03
0,02948525	-279.5228E-03
0,029735125	-555.9047E-03
0,029985	-279.5228E-03
0,030234875	-279.5228E-03
0,03048475	-480.5278E-03
0,030734625	-153.8946E-03
0,0309845	-656.4072E-03
0,031234375	-279.5228E-03
0,03148425	-279.5228E-03
0,031734125	-581.0303E-03
0,031984	-279.5228E-03
0,032233875	-681.5328E-03
0,03248375	-304.6484E-03
0,032733625	-354.8997E-03
0,0329835	-681.5328E-03
0,033233375	-279.5228E-03
0,03348325	-681.5328E-03
0,033733125	-329.7740E-03
0,033983	-279.5228E-03
0,034232875	-3.1409E-03
0,03448275	-279.5228E-03
0,034732625	-606.1559E-03
0,0349825	-581.0303E-03
0,035232375	-505.6534E-03
0,03548225	-681.5328E-03
0,035732125	-631.2816E-03
0,035982	-606.1559E-03
0,036231875	-681.5328E-03
0,03648175	-530.7791E-03
0,036731625	-304.6484E-03
0,0369815	-279.5228E-03
0,037231375	-279.5228E-03
0,03748125	-681.5328E-03
0,037731125	-656.4072E-03
0,037981	-279.5228E-03
0,038230875	-279.5228E-03
0,03848075	-455.4022E-03
0,038730625	-279.5228E-03
0,0389805	-279.5228E-03
0,039230375	-681.5328E-03
0,03948025	-279.5228E-03
0,039730125	-254.3971E-03
0,03998	-555.9047E-03
0,040229875	-455.4022E-03
0,04047975	-354.8997E-03
0,040729625	-656.4072E-03
0,0409795	-555.9047E-03
0,041229375	-430.2765E-03
0,04147925	-204.1459E-03
0,041729125	-304.6484E-03
0,041979	+122.4873E-03
0,042228875	-681.5328E-03
0,04247875	-279.5228E-03
0,042728625	+97.3616E-03
0,0429785	-279.5228E-03
0,043228375	-681.5328E-03
0,04347825	-229.2715E-03
0,043728125	+72.2360E-03
0,043978	-279.5228E-03
0,044227875	-405.1509E-03
0,04447775	-681.5328E-03
0,044727625	+72.2360E-03
0,0449775	-480.5278E-03
0,045227375	-380.0253E-03
0,04547725	-279.5228E-03
0,045727125	-279.5228E-03
0,045977	-455.4022E-03
0,046226875	-78.5177E-03
0,04647675	-279.5228E-03
0,046726625	-581.0303E-03
0,0469765	-480.5278E-03
0,047226375	-279.5228E-03
0,04747625	-656.4072E-03
0,047726125	-555.9047E-03
0,047976	-455.4022E-03
0,048225875	-581.0303E-03
0,04847575	-279.5228E-03
0,048725625	-681.5328E-03
0,0489755	-279.5228E-03
0,049225375	-606.1559E-03
0,04947525	-681.5328E-03
0,049725125	-530.7791E-03
0,049975	-279.5228E-03
0,050224875	-681.5328E-03
0,05047475	-279.5228E-03
0,050724625	-279.5228E-03
0,0509745	-807.1610E-03
0,051224375	-304.6484E-03
0,05147425	-279.5228E-03
0,051724125	-430.2765E-03
0,051974	-279.5228E-03
0,052223875	-304.6484E-03
0,05247375	-606.1559E-03
0,052723625	-480.5278E-03
0,0529735	-103.6434E-03
0,053223375	-656.4072E-03
0,05347325	+47.1104E-03
0,053723125	-53.3921E-03
0,053973	-681.5328E-03
0,054222875	-279.5228E-03
0,05447275	-681.5328E-03
0,054722625	-681.5328E-03
0,0549725	-279.5228E-03
0,055222375	-279.5228E-03
0,05547225	-279.5228E-03
0,055722125	-631.2816E-03
0,055972	-581.0303E-03
0,056221875	-279.5228E-03
0,05647175	-380.0253E-03
0,056721625	-430.2765E-03
0,0569715	-681.5328E-03
0,057221375	-279.5228E-03
0,05747125	-128.7690E-03
0,057721125	-505.6534E-03
0,057971	-555.9047E-03
0,058220875	-304.6484E-03
0,05847075	-405.1509E-03
0,058720625	-279.5228E-03
0,0589705	-304.6484E-03
0,059220375	-606.1559E-03
0,05947025	-279.5228E-03
0,059720125	-279.5228E-03
0,05997	-279.5228E-03
0,060219875	-329.7740E-03
0,06046975	-430.2765E-03
0,060719625	-380.0253E-03
0,0609695	+97.3616E-03
0,061219375	-279.5228E-03
0,06146925	-455.4022E-03
0,061719125	-681.5328E-03
0,061969	-279.5228E-03
0,062218875	+47.1104E-03
0,06246875	-480.5278E-03
0,062718625	-279.5228E-03
0,0629685	-656.4072E-03
0,063218375	-279.5228E-03
0,06346825	-455.4022E-03
0,063718125	-581.0303E-03
0,063968	-279.5228E-03
0,064217875	-380.0253E-03
0,06446775	-430.2765E-03
0,064717625	-329.7740E-03
0,0649675	-279.5228E-03
0,065217375	-405.1509E-03
0,06546725	-279.5228E-03
0,065717125	-606.1559E-03
0,065967	-631.2816E-03
0,066216875	-380.0253E-03
0,06646675	-405.1509E-03
0,066716625	-229.2715E-03
0,0669665	-204.1459E-03
0,067216375	-279.5228E-03
0,06746625	-279.5228E-03
0,067716125	+97.3616E-03
0,067966	-606.1559E-03
0,068215875	-505.6534E-03
0,06846575	-279.5228E-03
0,068715625	-681.5328E-03
0,0689655	+47.1104E-03
0,069215375	-53.3921E-03
0,06946525	-555.9047E-03
0,069715125	-279.5228E-03
0,069965	-581.0303E-03
0,070214875	-455.4022E-03
0,07046475	-279.5228E-03
0,070714625	-279.5228E-03
0,0709645	-380.0253E-03
0,071214375	-254.3971E-03
0,07146425	-581.0303E-03
0,071714125	-681.5328E-03
0,071964	-555.9047E-03
0,072213875	-681.5328E-03
0,07246375	-329.7740E-03
0,072713625	-1.0332916E+00
0,0729635	-681.5328E-03
0,073213375	-279.5228E-03
0,07346325	-681.5328E-03
0,073713125	-304.6484E-03
0,073963	-279.5228E-03
0,074212875	-530.7791E-03
0,07446275	-631.2816E-03
0,074712625	-279.5228E-03
0,0749625	+122.4873E-03
0,075212375	-279.5228E-03
0,07546225	-631.2816E-03
0,075712125	-279.5228E-03
0,075962	-279.5228E-03
0,076211875	-681.5328E-03
0,07646175	-279.5228E-03
0,076711625	-681.5328E-03
0,0769615	-53.3921E-03
0,077211375	-681.5328E-03
0,07746125	-279.5228E-03
0,077711125	-581.0303E-03
0,077961	-455.4022E-03
0,078210875	-581.0303E-03
0,07846075	-279.5228E-03
0,078710625	-279.5228E-03
0,0789605	-455.4022E-03
0,079210375	-354.8997E-03
0,07946025	-279.5228E-03
0,079710125	-555.9047E-03
0,07996	-480.5278E-03
0,080209875	-279.5228E-03
0,08045975	-681.5328E-03
0,080709625	-405.1509E-03
0,0809595	-505.6534E-03
0,081209375	-279.5228E-03
0,08145925	-631.2816E-03
0,081709125	-279.5228E-03
0,081959	-505.6534E-03
0,082208875	-304.6484E-03
0,08245875	-279.5228E-03
0,082708625	-430.2765E-03
0,0829585	-530.7791E-03
0,083208375	-1.0081660E+00
0,08345825	-681.5328E-03
0,083708125	-505.6534E-03
0,083958	-279.5228E-03
0,084207875	-656.4072E-03
0,08445775	-581.0303E-03
0,084707625	-53.3921E-03
0,0849575	-279.5228E-03
0,085207375	-656.4072E-03
0,08545725	-681.5328E-03
0,085707125	-279.5228E-03
0,085957	-279.5228E-03
0,086206875	-279.5228E-03
0,08645675	-279.5228E-03
0,086706625	-681.5328E-03
0,0869565	-279.5228E-03
0,087206375	-279.5228E-03
0,08745625	-681.5328E-03
0,087706125	-279.5228E-03
0,087956	-329.7740E-03
0,088205875	-681.5328E-03
0,08845575	-279.5228E-03
0,088705625	-279.5228E-03
0,0889555	-279.5228E-03
0,089205375	-279.5228E-03
0,08945525	-279.5228E-03
0,089705125	-430.2765E-03
0,089955	-304.6484E-03
0,090204875	-279.5228E-03
0,09045475	-430.2765E-03
0,090704625	-279.5228E-03
0,0909545	-631.2816E-03
0,091204375	-329.7740E-03
0,09145425	-430.2765E-03
0,091704125	-279.5228E-03
0,091954	-279.5228E-03
0,092203875	-354.8997E-03
0,09245375	-455.4022E-03
0,092703625	-380.0253E-03
0,0929535	-279.5228E-03
0,093203375	-53.3921E-03
0,09345325	-480.5278E-03
0,093703125	-581.0303E-03
0,093953	-656.4072E-03
0,094202875	-279.5228E-03
0,09445275	-882.5379E-03
0,094702625	-681.5328E-03
0,0949525	-656.4072E-03
0,095202375	-380.0253E-03
0,09545225	-480.5278E-03
0,095702125	-606.1559E-03
0,095952	-681.5328E-03
0,096201875	-279.5228E-03
0,09645175	-279.5228E-03
0,096701625	-329.7740E-03
0,0969515	-681.5328E-03
0,097201375	-530.7791E-03
0,09745125	-279.5228E-03
0,097701125	-304.6484E-03
0,097951	-279.5228E-03
0,098200875	-279.5228E-03
0,09845075	-530.7791E-03
0,098700625	-279.5228E-03
0,0989505	-606.1559E-03
0,099200375	-279.5228E-03
0,09945025	-405.1509E-03
0,099700125	-279.5228E-03
0,09995	-581.0303E-03
0,100199875	-279.5228E-03
0,10044975	-555.9047E-03
0,100699625	-681.5328E-03
0,1009495	-279.5228E-03
0,101199375	-455.4022E-03
0,10144925	-153.8946E-03
0,101699125	-279.5228E-03
0,101949	-555.9047E-03
0,102198875	-279.5228E-03
0,10244875	-581.0303E-03
0,102698625	-279.5228E-03
0,1029485	-153.8946E-03
0,103198375	-681.5328E-03
0,10344825	-279.5228E-03
0,103698125	-279.5228E-03
0,103948	-279.5228E-03
0,104197875	-430.2765E-03
0,10444775	-279.5228E-03
0,104697625	-279.5228E-03
0,1049475	-405.1509E-03
0,105197375	-505.6534E-03
0,10544725	-631.2816E-03
0,105697125	-279.5228E-03
0,105947	-279.5228E-03
0,106196875	-279.5228E-03
0,10644675	-681.5328E-03
0,106696625	-204.1459E-03
0,1069465	-279.5228E-03
0,107196375	-681.5328E-03
0,10744625	-279.5228E-03
0,107696125	-581.0303E-03
0,107946	-480.5278E-03
0,108195875	-555.9047E-03
0,10844575	-681.5328E-03
0,108695625	-581.0303E-03
0,1089455	-480.5278E-03
0,109195375	-380.0253E-03
0,10944525	-279.5228E-03
0,109695125	-279.5228E-03
0,109945	-279.5228E-03
0,110194875	-354.8997E-03
0,11044475	-254.3971E-03
0,110694625	-555.9047E-03
0,1109445	-455.4022E-03
0,111194375	-279.5228E-03
0,11144425	-631.2816E-03
0,111694125	-279.5228E-03
0,111944	-430.2765E-03
0,112193875	-606.1559E-03
0,11244375	-279.5228E-03
0,112693625	-681.5328E-03
0,1129435	-681.5328E-03
0,113193375	-279.5228E-03
0,11344325	-279.5228E-03
0,113693125	-279.5228E-03
0,113943	-681.5328E-03
0,114192875	+97.3616E-03
0,11444275	-279.5228E-03
0,114692625	-430.2765E-03
0,1149425	-681.5328E-03
0,115192375	-656.4072E-03
0,11544225	-354.8997E-03
0,115692125	-455.4022E-03
0,115942	-279.5228E-03
0,116191875	-279.5228E-03
0,11644175	-581.0303E-03
0,116691625	-455.4022E-03
0,1169415	-279.5228E-03
0,117191375	-279.5228E-03
0,11744125	-555.9047E-03
0,117691125	-279.5228E-03
0,117941	-581.0303E-03
0,118190875	-656.4072E-03
0,11844075	-555.9047E-03
0,118690625	-53.3921E-03
0,1189405	-279.5228E-03
0,119190375	-279.5228E-03
0,11944025	-405.1509E-03
0,119690125	-279.5228E-03
0,11994	-681.5328E-03
0,120189875	-279.5228E-03
0,12043975	-405.1509E-03
0,120689625	-505.6534E-03
0,1209395	-279.5228E-03
0,121189375	-279.5228E-03
0,12143925	-681.5328E-03
0,121689125	-279.5228E-03
0,121939	-681.5328E-03
0,122188875	-279.5228E-03
0,12243875	-279.5228E-03
0,122688625	-405.1509E-03
0,1229385	-681.5328E-03
0,123188375	-581.0303E-03
0,12343825	-681.5328E-03
0,123688125	-681.5328E-03
0,123938	-279.5228E-03
0,124187875	-354.8997E-03
0,12443775	-279.5228E-03
0,124687625	-455.4022E-03
0,1249375	-681.5328E-03
0,125187375	-279.5228E-03
0,12543725	-455.4022E-03
0,125687125	-354.8997E-03
0,125937	-279.5228E-03
0,126186875	-279.5228E-03
0,12643675	-681.5328E-03
0,126686625	-279.5228E-03
0,1269365	-229.2715E-03
0,127186375	-681.5328E-03
0,12743625	-279.5228E-03
0,127686125	-204.1459E-03
0,127936	-304.6484E-03
0,128185875	-279.5228E-03
0,12843575	-681.5328E-03
0,128685625	-606.1559E-03
0,1289355	-279.5228E-03
0,129185375	-279.5228E-03
0,12943525	-681.5328E-03
0,129685125	+97.3616E-03
0,129935	-279.5228E-03
0,130184875	-681.5328E-03
0,13043475	-530.7791E-03
0,130684625	-279.5228E-03
0,1309345	-279.5228E-03
0,131184375	-480.5278E-03
0,13143425	-279.5228E-03
0,131684125	-279.5228E-03
0,131934	-279.5228E-03
0,132183875	-279.5228E-03
0,13243375	-279.5228E-03
0,132683625	-279.5228E-03
0,1329335	-279.5228E-03
0,133183375	-656.4072E-03
0,13343325	-279.5228E-03
0,133683125	-681.5328E-03
0,133933	-279.5228E-03
0,134182875	-480.5278E-03
0,13443275	-279.5228E-03
0,134682625	-681.5328E-03
0,1349325	-279.5228E-03
0,135182375	-279.5228E-03
0,13543225	-530.7791E-03
0,135682125	-983.0404E-03
0,135932	-279.5228E-03
0,136181875	-505.6534E-03
0,13643175	+72.2360E-03
0,136681625	-606.1559E-03
0,1369315	-279.5228E-03
0,137181375	-405.1509E-03
0,13743125	-304.6484E-03
0,137681125	-329.7740E-03
0,137931	-505.6534E-03
0,138180875	-405.1509E-03
0,13843075	-279.5228E-03
0,138680625	-354.8997E-03
0,1389305	-279.5228E-03
0,139180375	+122.4873E-03
0,13943025	-279.5228E-03
0,139680125	-279.5228E-03
0,13993	-455.4022E-03
0,140179875	-279.5228E-03
0,14042975	-656.4072E-03
0,140679625	-279.5228E-03
0,1409295	-480.5278E-03
0,141179375	-354.8997E-03
0,14142925	-656.4072E-03
0,141679125	-28.2665E-03
0,141929	-279.5228E-03
0,142178875	-354.8997E-03
0,14242875	-279.5228E-03
0,142678625	-279.5228E-03
0,1429285	-329.7740E-03
0,143178375	-279.5228E-03
0,14342825	-681.5328E-03
0,143678125	-279.5228E-03
0,143928	-279.5228E-03
0,144177875	-555.9047E-03
0,14442775	+97.3616E-03
0,144677625	-28.2665E-03
0,1449275	-555.9047E-03
0,145177375	-681.5328E-03
0,14542725	-329.7740E-03
0,145677125	-430.2765E-03
0,145927	-405.1509E-03
0,146176875	+97.3616E-03
0,14642675	-581.0303E-03
0,146676625	-681.5328E-03
0,1469265	+21.9848E-03
0,147176375	-279.5228E-03
0,14742625	-179.0203E-03
0,147676125	-681.5328E-03
0,147926	-380.0253E-03
0,148175875	-656.4072E-03
0,14842575	-380.0253E-03
0,148675625	-455.4022E-03
0,1489255	-581.0303E-03
0,149175375	-279.5228E-03
0,14942525	-430.2765E-03
0,149675125	-53.3921E-03
0,149925	-681.5328E-03
0,150174875	-279.5228E-03
0,15042475	-3.1409E-03
0,150674625	-430.2765E-03
0,1509245	+72.2360E-03
0,151174375	-279.5228E-03
0,15142425	-681.5328E-03
0,151674125	-103.6434E-03
0,151924	-329.7740E-03
0,152173875	-631.2816E-03
0,15242375	-681.5328E-03
0,152673625	-279.5228E-03
0,1529235	-631.2816E-03
0,153173375	-329.7740E-03
0,15342325	-505.6534E-03
0,153673125	-3.1409E-03
0,153923	-279.5228E-03
0,154172875	-279.5228E-03
0,15442275	-279.5228E-03
0,154672625	-279.5228E-03
0,1549225	+122.4873E-03
0,155172375	-279.5228E-03
0,15542225	-279.5228E-03
0,155672125	-555.9047E-03
0,155922	-279.5228E-03
0,156171875	-279.5228E-03
0,15642175	-279.5228E-03
0,156671625	-581.0303E-03
0,1569215	-279.5228E-03
0,157171375	-681.5328E-03
0,15742125	-480.5278E-03
0,157671125	-581.0303E-03
0,157921	-279.5228E-03
0,158170875	-530.7791E-03
0,15842075	-505.6534E-03
0,158670625	-204.1459E-03
0,1589205	-279.5228E-03
0,159170375	-530.7791E-03
0,15942025	-505.6534E-03
0,159670125	-204.1459E-03
0,15992	-681.5328E-03
0,160169875	-430.2765E-03
0,16041975	-279.5228E-03
0,160669625	+47.1104E-03
0,1609195	-329.7740E-03
0,161169375	-681.5328E-03
0,16141925	-279.5228E-03
0,161669125	-606.1559E-03
0,161919	-606.1559E-03
0,162168875	-681.5328E-03
0,16241875	-279.5228E-03
0,162668625	-279.5228E-03
0,1629185	-581.0303E-03
0,163168375	-279.5228E-03
0,16341825	-380.0253E-03
0,163668125	-681.5328E-03
0,163918	-279.5228E-03
0,164167875	-480.5278E-03
0,16441775	-681.5328E-03
0,164667625	-279.5228E-03
0,1649175	-279.5228E-03
0,165167375	-681.5328E-03
0,16541725	-681.5328E-03
0,165667125	-681.5328E-03
0,165917	-128.7690E-03
0,166166875	-681.5328E-03
0,16641675	-279.5228E-03
0,166666625	-681.5328E-03
0,1669165	-279.5228E-03
0,167166375	-179.0203E-03
0,16741625	-606.1559E-03
0,167666125	-631.2816E-03
0,167916	-505.6534E-03
0,168165875	-530.7791E-03
0,16841575	-229.2715E-03
0,168665625	-681.5328E-03
0,1689155	-681.5328E-03
0,169165375	-530.7791E-03
0,16941525	-229.2715E-03
0,169665125	-204.1459E-03
0,169915	-480.5278E-03
0,170164875	+21.9848E-03
0,17041475	-681.5328E-03
0,170664625	-581.0303E-03
0,1709145	-681.5328E-03
0,171164375	-681.5328E-03
0,17141425	-279.5228E-03
0,171664125	-354.8997E-03
0,171914	-279.5228E-03
0,172163875	-681.5328E-03
0,17241375	-279.5228E-03
0,172663625	-279.5228E-03
0,1729135	-455.4022E-03
0,173163375	-354.8997E-03
0,17341325	-656.4072E-03
0,173663125	-279.5228E-03
0,173913	-681.5328E-03
0,174162875	-681.5328E-03
0,17441275	-279.5228E-03
0,174662625	-405.1509E-03
0,1749125	-279.5228E-03
0,175162375	-681.5328E-03
0,17541225	-304.6484E-03
0,175662125	-681.5328E-03
0,175912	-405.1509E-03
0,176161875	-279.5228E-03
0,17641175	-555.9047E-03
0,176661625	-28.2665E-03
0,1769115	-279.5228E-03
0,177161375	-279.5228E-03
0,17741125	-606.1559E-03
0,177661125	-53.3921E-03
0,177911	-380.0253E-03
0,178160875	-631.2816E-03
0,17841075	-681.5328E-03
0,178660625	-455.4022E-03
0,1789105	-279.5228E-03
0,179160375	+122.4873E-03
0,17941025	-354.8997E-03
0,179660125	-78.5177E-03
0,17991	-581.0303E-03
0,180159875	-279.5228E-03
0,18040975	-279.5228E-03
0,180659625	-279.5228E-03
0,1809095	-279.5228E-03
0,181159375	-279.5228E-03
0,18140925	-555.9047E-03
0,181659125	-430.2765E-03
0,181909	-606.1559E-03
0,182158875	-279.5228E-03
0,18240875	-530.7791E-03
0,182658625	-279.5228E-03
0,1829085	-606.1559E-03
0,183158375	-631.2816E-03
0,18340825	-405.1509E-03
0,183658125	-3.1409E-03
0,183908	-631.2816E-03
0,184157875	-606.1559E-03
0,18440775	-505.6534E-03
0,184657625	-405.1509E-03
0,1849075	-681.5328E-03
0,185157375	-606.1559E-03
0,18540725	-681.5328E-03
0,185657125	-103.6434E-03
0,185907	-656.4072E-03
0,186156875	-354.8997E-03
0,18640675	-279.5228E-03
0,186656625	-380.0253E-03
0,1869065	-279.5228E-03
0,187156375	-681.5328E-03
0,18740625	-681.5328E-03
0,187656125	-455.4022E-03
0,187906	-279.5228E-03
0,188155875	-681.5328E-03
0,18840575	-78.5177E-03
0,188655625	-279.5228E-03
0,1889055	-279.5228E-03
0,189155375	-555.9047E-03
0,18940525	-279.5228E-03
0,189655125	-329.7740E-03
0,189905	-304.6484E-03
0,190154875	-681.5328E-03
0,19040475	-681.5328E-03
0,190654625	-204.1459E-03
0,1909045	-631.2816E-03
0,191154375	-279.5228E-03
0,19140425	-405.1509E-03
0,191654125	-279.5228E-03
0,191904	-279.5228E-03
0,192153875	-430.2765E-03
0,19240375	-405.1509E-03
0,192653625	-304.6484E-03
0,1929035	-3.1409E-03
0,193153375	-430.2765E-03
0,19340325	-279.5228E-03
0,193653125	-656.4072E-03
0,193903	-581.0303E-03
0,194152875	-681.5328E-03
0,19440275	-380.0253E-03
0,194652625	-656.4072E-03
0,1949025	-581.0303E-03
0,195152375	-254.3971E-03
0,19540225	-279.5228E-03
0,195652125	-681.5328E-03
0,195902	-555.9047E-03
0,196151875	-279.5228E-03
0,19640175	-279.5228E-03
0,196651625	-656.4072E-03
0,1969015	-555.9047E-03
0,197151375	-681.5328E-03
0,19740125	-329.7740E-03
0,197651125	-681.5328E-03
0,197901	-530.7791E-03
0,198150875	-505.6534E-03
0,19840075	-204.1459E-03
0,198650625	-279.5228E-03
0,1989005	-279.5228E-03
0,199150375	-279.5228E-03
0,19940025	-631.2816E-03
0,199650125	-681.5328E-03
0,1999	-430.2765E-03
0,200149875	-3.1409E-03
0,20039975	-279.5228E-03
0,200649625	-279.5228E-03
0,2008995	-329.7740E-03
0,201149375	-555.9047E-03
0,20139925	-304.6484E-03
0,201649125	-279.5228E-03
0,201899	-279.5228E-03
0,202148875	-555.9047E-03
0,20239875	-656.4072E-03
0,202648625	-480.5278E-03
0,2028985	-455.4022E-03
0,203148375	-354.8997E-03
0,20339825	-279.5228E-03
0,203648125	-279.5228E-03
0,203898	-279.5228E-03
0,204147875	-279.5228E-03
0,20439775	-279.5228E-03
0,204647625	-279.5228E-03
0,2048975	-480.5278E-03
0,205147375	-279.5228E-03
0,20539725	-279.5228E-03
0,205647125	-530.7791E-03
0,205897	-681.5328E-03
0,206146875	-329.7740E-03
0,20639675	-631.2816E-03
0,206646625	-530.7791E-03
0,2068965	-279.5228E-03
0,207146375	-279.5228E-03
0,20739625	-279.5228E-03
0,207646125	-505.6534E-03
0,207896	-530.7791E-03
0,208145875	-279.5228E-03
0,20839575	-1.0081660E+00
0,208645625	-430.2765E-03
0,2088955	-279.5228E-03
0,209145375	-279.5228E-03
0,20939525	-279.5228E-03
0,209645125	-480.5278E-03
0,209895	-555.9047E-03
0,210144875	-656.4072E-03
0,21039475	-279.5228E-03
0,210644625	-681.5328E-03
0,2108945	-581.0303E-03
0,211144375	-279.5228E-03
0,21139425	-555.9047E-03
0,211644125	-279.5228E-03
0,211894	-681.5328E-03
0,212143875	-254.3971E-03
0,21239375	-555.9047E-03
0,212643625	-455.4022E-03
0,2128935	-279.5228E-03
0,213143375	-279.5228E-03
0,21339325	-279.5228E-03
0,213643125	-681.5328E-03
0,213893	-555.9047E-03
0,214142875	-631.2816E-03
0,21439275	-405.1509E-03
0,214642625	-681.5328E-03
0,2148925	-279.5228E-03
0,215142375	-279.5228E-03
0,21539225	-832.2866E-03
0,215642125	-279.5228E-03
0,215892	-279.5228E-03
0,216141875	-329.7740E-03
0,21639175	-279.5228E-03
0,216641625	-530.7791E-03
0,2168915	-279.5228E-03
0,217141375	-681.5328E-03
0,21739125	-279.5228E-03
0,217641125	-380.0253E-03
0,217891	-656.4072E-03
0,218140875	-581.0303E-03
0,21839075	-53.3921E-03
0,218640625	-581.0303E-03
0,2188905	-681.5328E-03
0,219140375	-380.0253E-03
0,21939025	-480.5278E-03
0,219640125	-430.2765E-03
0,21989	-681.5328E-03
0,220139875	-555.9047E-03
0,22038975	-455.4022E-03
0,220639625	+72.2360E-03
0,2208895	-631.2816E-03
0,221139375	-405.1509E-03
0,22138925	-907.6635E-03
0,221639125	-279.5228E-03
0,221889	-631.2816E-03
0,222138875	-405.1509E-03
0,22238875	-430.2765E-03
0,222638625	-631.2816E-03
0,2228885	-606.1559E-03
0,223138375	-279.5228E-03
0,22338825	-530.7791E-03
0,223638125	-279.5228E-03
0,223888	+72.2360E-03
0,224137875	-279.5228E-03
0,22438775	-405.1509E-03
0,224637625	-656.4072E-03
0,2248875	-279.5228E-03
0,225137375	-279.5228E-03
0,22538725	-153.8946E-03
0,225637125	+122.4873E-03
0,225887	-581.0303E-03
0,226136875	-279.5228E-03
0,22638675	-279.5228E-03
0,226636625	-279.5228E-03
0,2268865	-555.9047E-03
0,227136375	-279.5228E-03
0,22738625	-279.5228E-03
0,227636125	-279.5228E-03
0,227886	-279.5228E-03
0,228135875	-279.5228E-03
0,22838575	-606.1559E-03
0,228635625	-606.1559E-03
0,2288855	-405.1509E-03
0,229135375	-681.5328E-03
0,22938525	-279.5228E-03
0,229635125	-229.2715E-03
0,229885	-530.7791E-03
0,230134875	-279.5228E-03
0,23038475	-279.5228E-03
0,230634625	-279.5228E-03
0,2308845	-430.2765E-03
0,231134375	-279.5228E-03
0,23138425	-279.5228E-03
0,231634125	-329.7740E-03
0,231884	-279.5228E-03
0,232133875	-681.5328E-03
0,23238375	-681.5328E-03
0,232633625	-581.0303E-03
0,2328835	-279.5228E-03
0,233133375	-279.5228E-03
0,23338325	-656.4072E-03
0,233633125	-681.5328E-03
0,233883	-279.5228E-03
0,234132875	-380.0253E-03
0,23438275	-254.3971E-03
0,234632625	-380.0253E-03
0,2348825	-480.5278E-03
0,235132375	-354.8997E-03
0,23538225	-279.5228E-03
0,235632125	-279.5228E-03
0,235882	-78.5177E-03
0,236131875	-354.8997E-03
0,23638175	-279.5228E-03
0,236631625	-681.5328E-03
0,2368815	-505.6534E-03
0,237131375	-681.5328E-03
0,23738125	-304.6484E-03
0,237631125	-681.5328E-03
0,237881	-430.2765E-03
0,238130875	+21.9848E-03
0,23838075	-204.1459E-03
0,238630625	-279.5228E-03
0,2388805	-128.7690E-03
0,239130375	-681.5328E-03
0,23938025	+122.4873E-03
0,239630125	-329.7740E-03
0,23988	-279.5228E-03
0,240129875	-279.5228E-03
0,24037975	-279.5228E-03
0,240629625	-455.4022E-03
0,2408795	-103.6434E-03
0,241129375	-279.5228E-03
0,24137925	-354.8997E-03
0,241629125	-681.5328E-03
0,241879	-279.5228E-03
0,242128875	-681.5328E-03
0,24237875	-681.5328E-03
0,242628625	-480.5278E-03
0,2428785	-279.5228E-03
0,243128375	-279.5228E-03
0,24337825	-681.5328E-03
0,243628125	-279.5228E-03
0,243878	-354.8997E-03
0,244127875	-304.6484E-03
0,24437775	-279.5228E-03
0,244627625	-430.2765E-03
0,2448775	-405.1509E-03
0,245127375	-304.6484E-03
0,24537725	-279.5228E-03
0,245627125	-279.5228E-03
0,245877	-681.5328E-03
0,246126875	-681.5328E-03
0,24637675	-505.6534E-03
0,246626625	-530.7791E-03
0,2468765	-631.2816E-03
0,247126375	-681.5328E-03
0,24737625	-204.1459E-03
0,247626125	-279.5228E-03
0,247876	-631.2816E-03
0,248125875	-581.0303E-03
0,24837575	-681.5328E-03
0,248625625	+775.7536E-03
0,2488755	+2.5345476E+00
0,249125375	+5.6752511E+00
0,24937525	+10.3988693E+00
0,249625125	+17.0069095E+00
0,249875	+22.6350503E+00
0,250124875	+24.3435930E+00
0,25037475	+24.2430905E+00
0,250624625	+23.4390704E+00
0,2508745	+22.2330402E+00
0,251124375	+21.4290201E+00
0,25137425	+20.0219849E+00
0,251624125	+19.8209799E+00
0,251874	+18.6652010E+00
0,252123875	+17.6853015E+00
0,25237375	+15.9767588E+00
0,252623625	+15.3486180E+00
0,2528735	+14.1928391E+00
0,253123375	+13.2631909E+00
0,25337325	+12.7606783E+00
0,253623125	+11.7807788E+00
0,253873	+11.3285175E+00
0,254122875	+11.2280150E+00
0,25437275	+10.5747487E+00
0,254622625	+10.1727386E+00
0,2548725	+9.7204773E+00
0,255122375	+9.3687185E+00
0,25537225	+8.8410803E+00
0,255622125	+8.2380652E+00
0,255872	+8.4893215E+00
0,256121875	+8.1626883E+00
0,25637175	+7.7606783E+00
0,256621625	+7.3586682E+00
0,2568715	+6.9566582E+00
0,257121375	+6.9566582E+00
0,25737125	+6.8561557E+00
0,257621125	+6.5797738E+00
0,257871	+6.1526381E+00
0,258120875	+6.3787687E+00
0,25837075	+6.0772612E+00
0,258620625	+6.1526381E+00
0,2588705	+5.7506280E+00
0,259120375	+5.5496230E+00
0,25937025	+5.3486180E+00
0,259620125	+4.9466079E+00
0,25987	+5.0973617E+00
0,260119875	+5.1978642E+00
0,26036975	+4.6199747E+00
0,260619625	+4.5445979E+00
0,2608695	+4.6953516E+00
0,261119375	+4.3184672E+00
0,26136925	+4.2179647E+00
0,261619125	+4.8461054E+00
0,261869	+4.3938441E+00
0,262118875	+4.5445979E+00
0,26236875	+4.1425878E+00
0,262618625	+3.8159546E+00
0,2628685	+3.9164572E+00
0,263118375	+3.7405778E+00
0,26336825	+3.7405778E+00
0,263618125	+3.6652009E+00
0,263868	+3.7405778E+00
0,264117875	+3.3385677E+00
0,26436775	+3.7657034E+00
0,264617625	+4.0672109E+00
0,2648675	+3.5646984E+00
0,265117375	+3.7405778E+00
0,26536725	+3.7405778E+00
0,265617125	+3.8662059E+00
0,265867	+3.7405778E+00
0,266116875	+3.8410803E+00
0,26636675	+4.5445979E+00
0,266616625	+4.1425878E+00
0,2668665	+4.3687185E+00
0,267116375	+3.9164572E+00
0,26736625	+4.1677134E+00
0,267616125	+4.1425878E+00
0,267866	+4.3184672E+00
0,268115875	+4.2179647E+00
0,26836575	+4.5948491E+00
0,268615625	+4.1425878E+00
0,2688655	+4.5445979E+00
0,269115375	+4.2179647E+00
0,26936525	+4.5194722E+00
0,269615125	+4.3938441E+00
0,269865	+4.4189697E+00
0,270114875	+4.5194722E+00
0,27036475	+4.1425878E+00
0,270614625	+4.5445979E+00
0,2708645	+4.1425878E+00
0,271114375	+4.1425878E+00
0,27136425	+3.8410803E+00
0,271614125	+4.1425878E+00
0,271864	+3.9164572E+00
0,272113875	+3.3636933E+00
0,27236375	+4.0672109E+00
0,272613625	+3.1626883E+00
0,2728635	+3.4641958E+00
0,273113375	+2.9616833E+00
0,27336325	+3.2380652E+00
0,273613125	+3.3385677E+00
0,273863	+3.2631908E+00
0,274112875	+2.5596732E+00
0,27436275	+2.4340451E+00
0,274612625	+2.1325375E+00
0,2748625	+2.1325375E+00
0,275112375	+2.5345476E+00
0,27536225	+2.2832913E+00
0,275612125	+2.1325375E+00
0,275862	+1.7305275E+00
0,276111875	+2.1325375E+00
0,27636175	+1.8561556E+00
0,276611625	+1.5797737E+00
0,2768615	+1.7305275E+00
0,277111375	+1.7054019E+00
0,27736125	+1.3285174E+00
0,277611125	+1.3285174E+00
0,277861	+976.7586E-03
0,278110875	+1.3285174E+00
0,27836075	+1.1777637E+00
0,278610625	+926.5074E-03
0,2788605	+524.4973E-03
0,279110375	+876.2561E-03
0,27936025	+750.6280E-03
0,279610125	+650.1255E-03
0,27986	+926.5074E-03
0,280109875	+122.4873E-03
0,28035975	+725.5024E-03
0,280609625	+122.4873E-03
0,2808595	+122.4873E-03
0,281109375	+423.9948E-03
0,28135925	+524.4973E-03
0,281609125	+524.4973E-03
0,281859	+122.4873E-03
0,282108875	+298.3667E-03
0,28235875	-53.3921E-03
0,282608625	+524.4973E-03
0,2828585	-254.3971E-03
0,283108375	-3.1409E-03
0,28335825	+373.7436E-03
0,283608125	-279.5228E-03
0,283858	-279.5228E-03
0,284107875	-279.5228E-03
0,28435775	-28.2665E-03
0,284607625	-204.1459E-03
0,2848575	-279.5228E-03
0,285107375	-28.2665E-03
0,28535725	-279.5228E-03
0,285607125	-279.5228E-03
0,285857	-279.5228E-03
0,286106875	-279.5228E-03
0,28635675	-405.1509E-03
0,286606625	-279.5228E-03
0,2868565	-329.7740E-03
0,287106375	-279.5228E-03
0,28735625	-555.9047E-03
0,287606125	-656.4072E-03
0,287856	-279.5228E-03
0,288105875	-681.5328E-03
0,28835575	-957.9147E-03
0,288605625	-279.5228E-03
0,2888555	-681.5328E-03
0,289105375	-681.5328E-03
0,28935525	-756.9097E-03
0,289605125	-681.5328E-03
0,289855	-681.5328E-03
0,290104875	-681.5328E-03
0,29035475	-681.5328E-03
0,290604625	-681.5328E-03
0,2908545	-932.7891E-03
0,291104375	-681.5328E-03
0,29135425	-606.1559E-03
0,291604125	-706.6585E-03
0,291854	-555.9047E-03
0,292103875	-1.0835429E+00
0,29235375	-681.5328E-03
0,292603625	-706.6585E-03
0,2928535	-832.2866E-03
0,293103375	-681.5328E-03
0,29335325	-706.6585E-03
0,293603125	-1.0081660E+00
0,293853	-1.1337941E+00
0,294102875	-681.5328E-03
0,29435275	-706.6585E-03
0,294602625	-1.1337941E+00
0,2948525	-1.0835429E+00
0,295102375	-1.0835429E+00
0,29535225	-681.5328E-03
0,295602125	-1.0835429E+00
0,295852	-1.0835429E+00
0,296101875	-782.0353E-03
0,29635175	-1.0584173E+00
0,296601625	-1.0835429E+00
0,2968515	-1.2845479E+00
0,297101375	-1.0835429E+00
0,29735125	-1.0835429E+00
0,297601125	-1.3599248E+00
0,297851	-1.0835429E+00
0,298100875	-1.0835429E+00
0,29835075	-1.0584173E+00
0,298600625	-1.0835429E+00
0,2988505	-1.0835429E+00
0,299100375	-1.0081660E+00
0,29935025	-1.0835429E+00
0,299600125	-1.3347992E+00
0,29985	-1.2342967E+00
0,300099875	-1.3599248E+00
0,30034975	-1.4353017E+00
0,300599625	-1.3347992E+00
0,3008495	-1.3347992E+00
0,301099375	-1.3850504E+00
0,30134925	-1.0835429E+00
0,301599125	-1.0835429E+00
0,301849	-807.1610E-03
0,302098875	-1.1086685E+00
0,30234875	-1.4101761E+00
0,302598625	-1.2594223E+00
0,3028485	-907.6635E-03
0,303098375	-1.1086685E+00
0,30334825	-1.0835429E+00
0,303598125	-1.0835429E+00
0,303848	-1.3599248E+00
0,304097875	-1.0835429E+00
0,30434775	-1.0835429E+00
0,304597625	-1.4855529E+00
0,3048475	-1.0835429E+00
0,305097375	-1.4604273E+00
0,30534725	-1.7619348E+00
0,305597125	-1.0835429E+00
0,305847	-1.0835429E+00
0,306096875	-1.8373117E+00
0,30634675	-1.1840454E+00
0,306596625	-1.0835429E+00
0,3068465	-1.4101761E+00
0,307096375	-1.4855529E+00
0,30734625	-1.2091710E+00
0,307596125	-1.1589198E+00
0,307846	-1.4855529E+00
0,308095875	-1.4353017E+00
0,30834575	-1.0835429E+00
0,308595625	-1.3347992E+00
0,3088455	-1.4353017E+00
0,309095375	-1.4855529E+00
0,30934525	-1.0835429E+00
0,309595125	-1.6111811E+00
0,309845	-1.4353017E+00
0,310094875	-731.7841E-03
0,31034475	-832.2866E-03
0,310594625	-1.0835429E+00
0,3108445	-1.0835429E+00
0,311094375	-983.0404E-03
0,31134425	-1.0584173E+00
0,311594125	-1.0835429E+00
0,311844	-1.4604273E+00
0,312093875	-1.2594223E+00
0,31234375	-1.0835429E+00
0,312593625	-1.4855529E+00
0,3128435	-1.0835429E+00
0,313093375	-957.9147E-03
0,31334325	-1.0835429E+00
0,313593125	-1.0835429E+00
0,313843	-1.0835429E+00
0,314092875	-907.6635E-03
0,31434275	-1.0835429E+00
0,314592625	-1.0835429E+00
0,3148425	-1.4353017E+00
0,315092375	-1.2091710E+00
0,31534225	-1.2342967E+00
0,315592125	-1.4101761E+00
0,315842	-1.4855529E+00
0,316091875	-1.3347992E+00
0,31634175	-1.0835429E+00
0,316591625	-1.0835429E+00
0,3168415	-1.7619348E+00
0,317091375	-1.2342967E+00
0,31734125	-1.3347992E+00
0,317591125	-706.6585E-03
0,317841	-1.0835429E+00
0,318090875	-1.3096735E+00
0,31834075	-1.0835429E+00
0,318590625	-681.5328E-03
0,3188405	-1.0835429E+00
0,319090375	-1.4855529E+00
0,31934025	-1.0835429E+00
0,319590125	-1.0835429E+00
0,31984	-1.0835429E+00
0,320089875	-1.2845479E+00
0,32033975	-1.0835429E+00
0,320589625	-1.8624374E+00
0,3208395	-1.4855529E+00
0,321089375	-1.0835429E+00
0,32133925	-983.0404E-03
0,321589125	-1.4855529E+00
0,321839	-1.0835429E+00
0,322088875	-1.0835429E+00
0,32233875	-1.1337941E+00
0,322588625	-1.1086685E+00
0,3228385	-1.4855529E+00
0,323088375	-1.4855529E+00
0,32333825	-1.0835429E+00
0,323588125	-1.4353017E+00
0,323838	-1.0835429E+00
0,324087875	-1.3347992E+00
0,32433775	-1.4353017E+00
0,324587625	-1.1337941E+00
0,3248375	-1.0835429E+00
0,325087375	-1.4855529E+00
0,32533725	-1.1086685E+00
0,325587125	-1.0835429E+00
0,325837	-1.0835429E+00
0,326086875	-1.1840454E+00
0,32633675	-1.0835429E+00
0,326586625	-1.1589198E+00
0,3268365	-1.2845479E+00
0,327086375	-1.3599248E+00
0,32733625	-1.0835429E+00
0,327586125	-1.1589198E+00
0,327836	-1.2845479E+00
0,328085875	-1.7870605E+00
0,32833575	-1.0835429E+00
0,328585625	-1.3599248E+00
0,3288355	-1.0835429E+00
0,329085375	-1.1589198E+00
0,32933525	-1.0835429E+00
0,329585125	-1.3599248E+00
0,329835	-1.0835429E+00
0,330084875	-1.0081660E+00
0,33033475	-1.0835429E+00
0,330584625	-1.0835429E+00
0,3308345	-1.4855529E+00
0,331084375	-1.1337941E+00
0,33133425	-1.0835429E+00
0,331584125	-1.4855529E+00
0,331834	-1.0835429E+00
0,332083875	-1.0835429E+00
0,33233375	-1.4855529E+00
0,332583625	-1.0835429E+00
0,3328335	-1.3347992E+00
0,333083375	-1.4353017E+00
0,33333325	-1.0835429E+00
0,333583125	-1.3096735E+00
0,333833	-1.0835429E+00
0,334082875	-1.4604273E+00
0,33433275	-1.3850504E+00
0,334582625	-1.2845479E+00
0,3348325	-1.0835429E+00
0,335082375	-1.0835429E+00
0,33533225	-1.4855529E+00
0,335582125	-1.0835429E+00
0,335832	-1.3850504E+00
0,336081875	-1.0835429E+00
0,33633175	-1.4855529E+00
0,336581625	-1.2594223E+00
0,3368315	-1.4855529E+00
0,337081375	-1.0835429E+00
0,33733125	-1.3599248E+00
0,337581125	-882.5379E-03
0,337831	-1.4101761E+00
0,338080875	-1.0332916E+00
0,33833075	-932.7891E-03
0,338580625	-1.0835429E+00
0,3388305	-1.0081660E+00
0,339080375	-1.0835429E+00
0,33933025	-1.0835429E+00
0,339580125	-1.2342967E+00
0,33983	-1.1086685E+00
0,340079875	-1.4101761E+00
0,34032975	-907.6635E-03
0,340579625	-1.0835429E+00
0,3408295	-1.1086685E+00
0,341079375	-731.7841E-03
0,34132925	-1.4855529E+00
0,341579125	-1.2091710E+00
0,341829	-1.4855529E+00
0,342078875	-1.1589198E+00
0,34232875	-1.0835429E+00
0,342578625	-1.1840454E+00
0,3428285	-1.0835429E+00
0,343078375	-1.0835429E+00
0,34332825	-1.2594223E+00
0,343578125	-1.4855529E+00
0,343828	-1.0835429E+00
0,344077875	-1.3599248E+00
0,34432775	-1.0835429E+00
0,344577625	-1.1589198E+00
0,3448275	-1.4604273E+00
0,345077375	-782.0353E-03
0,34532725	-1.2594223E+00
0,345577125	-1.5358042E+00
0,345827	-1.0835429E+00
0,346076875	-1.0835429E+00
0,34632675	-1.0835429E+00
0,346576625	-1.1337941E+00
0,3468265	-1.1086685E+00
0,347076375	-1.2091710E+00
0,34732625	-1.0835429E+00
0,347576125	-1.4855529E+00
0,347826	-1.1337941E+00
0,348075875	-1.3096735E+00
0,34832575	-1.2091710E+00
0,348575625	-1.4353017E+00
0,3488255	-1.1337941E+00
0,349075375	-1.2342967E+00
0,34932525	-1.0835429E+00
0,349575125	-1.0835429E+00
0,349825	-1.1589198E+00
0,350074875	-1.2845479E+00
0,35032475	-1.0835429E+00
0,350574625	-1.0835429E+00
0,3508245	-1.3850504E+00
0,351074375	-1.2845479E+00
0,35132425	-1.3599248E+00
0,351574125	-1.0835429E+00
0,351824	-1.0835429E+00
0,352073875	-1.2845479E+00
0,35232375	-1.0835429E+00
0,352573625	-1.4604273E+00
0,3528235	-1.0835429E+00
0,353073375	-1.4855529E+00
0,35332325	-1.4101761E+00
0,353573125	-1.4855529E+00
0,353823	-932.7891E-03
0,354072875	-1.3096735E+00
0,35432275	-1.4101761E+00
0,354572625	-1.0835429E+00
0,3548225	-1.3347992E+00
0,355072375	-1.0835429E+00
0,35532225	-1.0835429E+00
0,355572125	-1.1337941E+00
0,355822	-1.4855529E+00
0,356071875	-1.2091710E+00
0,35632175	-1.1337941E+00
0,356571625	-807.1610E-03
0,3568215	-1.2342967E+00
0,357071375	-1.0835429E+00
0,35732125	-1.0835429E+00
0,357571125	-1.0835429E+00
0,357821	-1.0835429E+00
0,358070875	-1.0835429E+00
0,35832075	-1.4604273E+00
0,358570625	-1.4855529E+00
0,3588205	-882.5379E-03
0,359070375	-1.3599248E+00
0,35932025	-1.0835429E+00
0,359570125	-1.0835429E+00
0,35982	-1.0835429E+00
0,360069875	-983.0404E-03
0,36031975	-1.4604273E+00
0,360569625	-1.3599248E+00
0,3608195	-1.4855529E+00
0,361069375	-756.9097E-03
0,36131925	-1.0835429E+00
0,361569125	-1.0835429E+00
0,361819	-1.2342967E+00
0,362068875	-1.4101761E+00
0,36231875	-1.4353017E+00
0,362568625	-1.3347992E+00
0,3628185	-1.0835429E+00
0,363068375	-1.4353017E+00
0,36331825	-1.4101761E+00
0,363568125	-1.3096735E+00
0,363818	-1.0835429E+00
0,364067875	-1.0835429E+00
0,36431775	-1.0835429E+00
0,364567625	-1.0081660E+00
0,3648175	-1.2091710E+00
0,365067375	-1.4604273E+00
0,36531725	-1.0835429E+00
0,365567125	-1.0835429E+00
0,365817	-1.0835429E+00
0,366066875	-1.0835429E+00
0,36631675	-1.4855529E+00
0,366566625	-1.2594223E+00
0,3668165	-1.0835429E+00
0,367066375	-1.0835429E+00
0,36731625	-1.0835429E+00
0,367566125	-1.2594223E+00
0,367816	-756.9097E-03
0,368065875	-1.0835429E+00
0,36831575	-1.4855529E+00
0,368565625	-1.0835429E+00
0,3688155	-1.1589198E+00
0,369065375	-1.0835429E+00
0,36931525	-1.2091710E+00
0,369565125	-1.3096735E+00
0,369815	-1.1337941E+00
0,370064875	-1.4855529E+00
0,37031475	-1.0835429E+00
0,370564625	-1.1589198E+00
0,3708145	-1.0081660E+00
0,371064375	-1.0835429E+00
0,37131425	-1.0835429E+00
0,371564125	-1.2091710E+00
0,371814	-1.0835429E+00
0,372063875	-1.4101761E+00
0,37231375	-1.4855529E+00
0,372563625	-1.3347992E+00
0,3728135	-1.0835429E+00
0,373063375	-1.1589198E+00
0,37331325	-1.0835429E+00
0,373563125	-1.0835429E+00
0,373813	-1.4855529E+00
0,374062875	-1.0835429E+00
0,37431275	-1.2594223E+00
0,374562625	-1.3599248E+00
0,3748125	-1.0835429E+00
0,375062375	-1.1840454E+00
0,37531225	-1.2594223E+00
0,375562125	-1.0835429E+00
0,375812	-1.4855529E+00
0,376061875	-1.4855529E+00
0,37631175	-1.0835429E+00
0,376561625	-832.2866E-03
0,3768115	-1.0835429E+00
0,377061375	-1.0835429E+00
0,37731125	-1.0835429E+00
0,377561125	-1.0081660E+00
0,377811	-1.1086685E+00
0,378060875	-1.2091710E+00
0,37831075	-1.0835429E+00
0,378560625	-1.0835429E+00
0,3788105	-1.4101761E+00
0,379060375	-1.0835429E+00
0,37931025	-807.1610E-03
0,379560125	-1.0835429E+00
0,37981	-1.0835429E+00
0,380059875	-907.6635E-03
0,38030975	-1.0835429E+00
0,380559625	-1.1086685E+00
0,3808095	-983.0404E-03
0,381059375	-1.2594223E+00
0,38130925	-1.3599248E+00
0,381559125	-1.0835429E+00
0,381809	-1.3850504E+00
0,382058875	-1.0835429E+00
0,38230875	-782.0353E-03
0,382558625	-1.0835429E+00
0,3828085	-1.0835429E+00
0,383058375	-1.2594223E+00
0,38330825	-1.0835429E+00
0,383558125	-1.0835429E+00
0,383808	-782.0353E-03
0,384057875	-1.0835429E+00
0,38430775	-1.4855529E+00
0,384557625	-731.7841E-03
0,3848075	-1.0835429E+00
0,385057375	-1.3096735E+00
0,38530725	-1.1337941E+00
0,385557125	-1.0835429E+00
0,385807	-1.2091710E+00
0,386056875	-1.2342967E+00
0,38630675	-1.0835429E+00
0,386556625	-1.0835429E+00
0,3868065	-983.0404E-03
0,387056375	-807.1610E-03
0,38730625	-1.1086685E+00
0,387556125	-1.4855529E+00
0,387806	-1.0835429E+00
0,388055875	-1.3347992E+00
0,38830575	-1.0332916E+00
0,388555625	-1.3096735E+00
0,3888055	-1.0835429E+00
0,389055375	-1.1840454E+00
0,38930525	-1.0584173E+00
0,389555125	-1.3850504E+00
0,389805	-1.4604273E+00
0,390054875	-1.3599248E+00
0,39030475	-1.0835429E+00
0,390554625	-957.9147E-03
0,3908045	-1.2594223E+00
0,391054375	-1.0835429E+00
0,39130425	-1.0835429E+00
0,391554125	-1.0835429E+00
0,391804	-1.2845479E+00
0,392053875	-1.0835429E+00
0,39230375	-681.5328E-03
0,392553625	-1.0835429E+00
0,3928035	-1.4855529E+00
0,393053375	-1.1337941E+00
0,39330325	-1.4101761E+00
0,393553125	-1.0835429E+00
0,393803	-1.2342967E+00
0,394052875	-1.1337941E+00
0,39430275	-1.1337941E+00
0,394552625	-1.1589198E+00
0,3948025	-1.0835429E+00
0,395052375	-1.0332916E+00
0,39530225	-1.0081660E+00
0,395552125	-1.0835429E+00
0,395802	-932.7891E-03
0,396051875	-1.0835429E+00
0,39630175	-1.1589198E+00
0,396551625	-1.0835429E+00
0,3968015	-1.0835429E+00
0,397051375	-681.5328E-03
0,39730125	-1.0835429E+00
0,397551125	-1.2845479E+00
0,397801	-1.3599248E+00
0,398050875	-1.0835429E+00
0,39830075	-782.0353E-03
0,398550625	-1.0835429E+00
0,3988005	-1.1589198E+00
0,399050375	-1.0835429E+00
0,39930025	-1.0835429E+00
0,399550125	-1.2594223E+00
0,3998	-1.0835429E+00
0,400049875	-1.0835429E+00
0,40029975	-1.2091710E+00
0,400549625	-1.0835429E+00
0,4007995	-1.0835429E+00
0,401049375	-706.6585E-03
0,40129925	-1.0835429E+00
0,401549125	-1.0835429E+00
0,401799	-1.4101761E+00
0,402048875	-1.0835429E+00
0,40229875	-832.2866E-03
0,402548625	-1.3347992E+00
0,4027985	-1.4353017E+00
0,403048375	-1.0835429E+00
0,40329825	-832.2866E-03
0,403548125	-1.2091710E+00
0,403798	-1.0835429E+00
0,404047875	-1.0835429E+00
0,40429775	-857.4122E-03
0,404547625	-1.1840454E+00
0,4047975	-1.0835429E+00
0,405047375	-1.0835429E+00
0,40529725	-1.0835429E+00
0,405547125	-1.3599248E+00
0,405797	-1.4604273E+00
0,406046875	-782.0353E-03
0,40629675	-882.5379E-03
0,406546625	-1.0835429E+00
0,4067965	-1.0584173E+00
0,407046375	-1.4855529E+00
0,40729625	-1.1086685E+00
0,407546125	-983.0404E-03
0,407796	-681.5328E-03
0,408045875	-1.2091710E+00
0,40829575	-1.0835429E+00
0,408545625	-1.0081660E+00
0,4087955	-1.0835429E+00
0,409045375	-1.0835429E+00
0,40929525	-907.6635E-03
0,409545125	-1.1337941E+00
0,409795	-1.0835429E+00
0,410044875	-1.0835429E+00
0,41029475	-932.7891E-03
0,410544625	-1.4353017E+00
0,4107945	-1.0835429E+00
0,411044375	-1.0081660E+00
0,41129425	-1.0835429E+00
0,411544125	-1.1086685E+00
0,411794	-731.7841E-03
0,412043875	-1.2594223E+00
0,41229375	-1.0835429E+00
0,412543625	-1.0835429E+00
0,4127935	-1.0835429E+00
0,413043375	-1.0835429E+00
0,41329325	-782.0353E-03
0,413543125	-1.0835429E+00
0,413793	-983.0404E-03
0,414042875	-1.0835429E+00
0,41429275	-756.9097E-03
0,414542625	-1.0584173E+00
0,4147925	-1.0835429E+00
0,415042375	-1.0835429E+00
0,41529225	-756.9097E-03
0,415542125	-1.0835429E+00
0,415792	-807.1610E-03
0,416041875	-907.6635E-03
0,41629175	-731.7841E-03
0,416541625	-1.0332916E+00
0,4167915	-807.1610E-03
0,417041375	-1.0835429E+00
0,41729125	-1.0835429E+00
0,417541125	-706.6585E-03
0,417791	-1.1589198E+00
0,418040875	-1.2091710E+00
0,41829075	-1.1086685E+00
0,418540625	-731.7841E-03
0,4187905	-907.6635E-03
0,419040375	-1.2091710E+00
0,41929025	-1.4855529E+00
0,419540125	-1.0835429E+00
0,41979	-1.2594223E+00
0,420039875	-1.1840454E+00
0,42028975	-1.0835429E+00
0,420539625	-756.9097E-03
0,4207895	-857.4122E-03
0,421039375	-1.3599248E+00
0,42128925	-681.5328E-03
0,421539125	-756.9097E-03
0,421789	-882.5379E-03
0,422038875	-1.1589198E+00
0,42228875	-1.0835429E+00
0,422538625	-1.3599248E+00
0,4227885	-1.2594223E+00
0,423038375	-1.3850504E+00
0,42328825	-1.0835429E+00
0,423538125	-1.0835429E+00
0,423788	-1.3096735E+00
0,424037875	-1.0835429E+00
0,42428775	-706.6585E-03
0,424537625	-932.7891E-03
0,4247875	-1.0835429E+00
0,425037375	-1.3599248E+00
0,42528725	-1.0835429E+00
0,425537125	-1.0835429E+00
0,425787	-807.1610E-03
0,426036875	-1.3850504E+00
0,42628675	-1.0081660E+00
0,426536625	-1.0081660E+00
0,4267865	-1.3347992E+00
0,427036375	-1.0835429E+00
0,42728625	-1.0835429E+00
0,427536125	-882.5379E-03
0,427786	-1.4855529E+00
0,428035875	-681.5328E-03
0,42828575	-983.0404E-03
0,428535625	-1.0835429E+00
0,4287855	-957.9147E-03
0,429035375	-1.0584173E+00
0,42928525	-1.3850504E+00
0,429535125	-1.0835429E+00
0,429785	-983.0404E-03
0,430034875	-1.0584173E+00
0,43028475	-1.0835429E+00
0,430534625	-1.0835429E+00
0,4307845	-983.0404E-03
0,431034375	-1.0835429E+00
0,43128425	-1.0835429E+00
0,431534125	-832.2866E-03
0,431784	-1.0835429E+00
0,432033875	-1.0332916E+00
0,43228375	-807.1610E-03
0,432533625	-1.0835429E+00
0,4327835	-1.0835429E+00
0,433033375	-1.0835429E+00
0,43328325	-1.2091710E+00
0,433533125	-1.1840454E+00
0,433783	-706.6585E-03
0,434032875	-1.0835429E+00
0,43428275	-832.2866E-03
0,434532625	-1.0835429E+00
0,4347825	-1.0332916E+00
0,435032375	-1.0081660E+00
0,43528225	-1.1337941E+00
0,435532125	-782.0353E-03
0,435782	-1.0584173E+00
0,436031875	-983.0404E-03
0,43628175	-1.0835429E+00
0,436531625	-1.4855529E+00
0,4367815	-1.0584173E+00
0,437031375	-1.0835429E+00
0,43728125	-1.2845479E+00
0,437531125	-983.0404E-03
0,437781	-1.0584173E+00
0,438030875	-1.0835429E+00
0,43828075	-1.2845479E+00
0,438530625	-1.0835429E+00
0,4387805	-1.0835429E+00
0,439030375	-1.0835429E+00
0,43928025	-907.6635E-03
0,439530125	-1.0835429E+00
0,43978	-1.0835429E+00
0,440029875	-932.7891E-03
0,44027975	-681.5328E-03
0,440529625	-1.4101761E+00
0,4407795	-681.5328E-03
0,441029375	-932.7891E-03
0,44127925	-1.0835429E+00
0,441529125	-1.0835429E+00
0,441779	-1.0835429E+00
0,442028875	-1.0835429E+00
0,44227875	-1.0835429E+00
0,442528625	-1.0835429E+00
0,4427785	-731.7841E-03
0,443028375	-832.2866E-03
0,44327825	-1.0835429E+00
0,443528125	-681.5328E-03
0,443778	-1.0835429E+00
0,444027875	-1.0835429E+00
0,44427775	-1.0835429E+00
0,444527625	-1.0835429E+00
0,4447775	-1.0835429E+00
0,445027375	-1.4855529E+00
0,44527725	-756.9097E-03
0,445527125	-1.0835429E+00
0,445777	-1.0835429E+00
0,446026875	-1.0835429E+00
0,44627675	-1.0835429E+00
0,446526625	-706.6585E-03
0,4467765	-957.9147E-03
0,447026375	-1.0081660E+00
0,44727625	-1.0081660E+00
0,447526125	-681.5328E-03
0,447776	-681.5328E-03
0,448025875	-1.0835429E+00
0,44827575	-1.0081660E+00
0,448525625	-706.6585E-03
0,4487755	-1.0835429E+00
0,449025375	-1.0835429E+00
0,44927525	-1.0332916E+00
0,449525125	-1.0835429E+00
0,449775	-681.5328E-03
0,450024875	-1.0835429E+00
0,45027475	-1.0332916E+00
0,450524625	-731.7841E-03
0,4507745	-1.3096735E+00
0,451024375	-957.9147E-03
0,45127425	-1.0835429E+00
0,451524125	-1.0835429E+00
0,451774	-1.0835429E+00
0,452023875	-1.0835429E+00
0,45227375	-1.4604273E+00
0,452523625	-1.0835429E+00
0,4527735	-1.0835429E+00
0,453023375	-1.0835429E+00
0,45327325	-1.0835429E+00
0,453523125	-957.9147E-03
0,453773	-882.5379E-03
0,454022875	-983.0404E-03
0,45427275	-1.0835429E+00
0,454522625	-1.0835429E+00
0,4547725	-1.0835429E+00
0,455022375	-1.0835429E+00
0,45527225	-1.0835429E+00
0,455522125	-1.0835429E+00
0,455772	-1.0835429E+00
0,456021875	-1.0835429E+00
0,45627175	-1.1086685E+00
0,456521625	-932.7891E-03
0,4567715	-807.1610E-03
0,457021375	-1.1086685E+00
0,45727125	-1.0835429E+00
0,457521125	-1.0835429E+00
0,457771	-807.1610E-03
0,458020875	-706.6585E-03
0,45827075	-731.7841E-03
0,458520625	-1.0835429E+00
0,4587705	-1.4855529E+00
0,459020375	-1.0835429E+00
0,45927025	-1.1589198E+00
0,459520125	-1.0835429E+00
0,45977	-681.5328E-03
0,460019875	-681.5328E-03
0,46026975	-756.9097E-03
0,460519625	-1.0835429E+00
0,4607695	-983.0404E-03
0,461019375	-1.0835429E+00
0,46126925	-1.0835429E+00
0,461519125	-882.5379E-03
0,461769	-756.9097E-03
0,462018875	-1.0835429E+00
0,46226875	-1.0835429E+00
0,462518625	-882.5379E-03
0,4627685	-681.5328E-03
0,463018375	-706.6585E-03
0,46326825	-1.0835429E+00
0,463518125	-1.0835429E+00
0,463768	-1.0081660E+00
0,464017875	-1.1086685E+00
0,46426775	-1.4855529E+00
0,464517625	-1.2342967E+00
0,4647675	-1.0835429E+00
0,465017375	-1.0081660E+00
0,46526725	-1.0835429E+00
0,465517125	-932.7891E-03
0,465767	-706.6585E-03
0,466016875	-1.0081660E+00
0,46626675	-681.5328E-03
0,466516625	-807.1610E-03
0,4667665	-1.0835429E+00
0,467016375	-983.0404E-03
0,46726625	-882.5379E-03
0,467516125	-681.5328E-03
0,467766	-1.0835429E+00
0,468015875	-983.0404E-03
0,46826575	-857.4122E-03
0,468515625	-1.0835429E+00
0,4687655	-1.0584173E+00
0,469015375	-1.3599248E+00
0,46926525	-1.0835429E+00
0,469515125	-983.0404E-03
0,469765	-1.0584173E+00
0,470014875	-681.5328E-03
0,47026475	-681.5328E-03
0,470514625	-1.0835429E+00
0,4707645	-1.0835429E+00
0,471014375	-681.5328E-03
0,47126425	-1.0835429E+00
0,471514125	-1.0835429E+00
0,471764	-1.0835429E+00
0,472013875	-807.1610E-03
0,47226375	-1.0835429E+00
0,472513625	-706.6585E-03
0,4727635	-681.5328E-03
0,473013375	-1.0835429E+00
0,47326325	-530.7791E-03
0,473513125	-1.0835429E+00
0,473763	-681.5328E-03
0,474012875	-1.0835429E+00
0,47426275	-932.7891E-03
0,474512625	-681.5328E-03
0,4747625	-1.0835429E+00
0,475012375	-1.0332916E+00
0,47526225	-1.1840454E+00
0,475512125	-681.5328E-03
0,475762	-983.0404E-03
0,476011875	-857.4122E-03
0,47626175	-957.9147E-03
0,476511625	-1.0835429E+00
0,4767615	-1.2594223E+00
0,477011375	-882.5379E-03
0,47726125	-983.0404E-03
0,477511125	+97.3616E-03
0,477761	-681.5328E-03
0,478010875	-857.4122E-03
0,47826075	-1.4101761E+00
0,478510625	-1.0835429E+00
0,4787605	-1.0835429E+00
0,479010375	-681.5328E-03
0,47926025	-1.0081660E+00
0,479510125	-1.0835429E+00
0,47976	-932.7891E-03
0,480009875	-1.0835429E+00
0,48025975	-681.5328E-03
0,480509625	-1.0835429E+00
0,4807595	-832.2866E-03
0,481009375	-807.1610E-03
0,48125925	-706.6585E-03
0,481509125	-1.0835429E+00
0,481759	-832.2866E-03
0,482008875	-807.1610E-03
0,48225875	-681.5328E-03
0,482508625	-983.0404E-03
0,4827585	-1.0835429E+00
0,483008375	-957.9147E-03
0,48325825	-681.5328E-03
0,483508125	-857.4122E-03
0,483758	-1.2594223E+00
0,484007875	-1.0835429E+00
0,48425775	-681.5328E-03
0,484507625	-1.0835429E+00
0,4847575	-882.5379E-03
0,485007375	-681.5328E-03
0,48525725	-1.0835429E+00
0,485507125	-681.5328E-03
0,485757	-1.2594223E+00
0,486006875	-983.0404E-03
0,48625675	-1.0835429E+00
0,486506625	-681.5328E-03
0,4867565	-907.6635E-03
0,487006375	-1.0081660E+00
0,48725625	-1.0332916E+00
0,487506125	-1.0835429E+00
0,487756	-907.6635E-03
0,488005875	-681.5328E-03
0,48825575	-1.0835429E+00
0,488505625	-832.2866E-03
0,4887555	-681.5328E-03
0,489005375	-1.0332916E+00
0,48925525	-731.7841E-03
0,489505125	-832.2866E-03
0,489755	-1.0835429E+00
0,490004875	-1.0835429E+00
0,49025475	-681.5328E-03
0,490504625	-681.5328E-03
0,4907545	-1.0835429E+00
0,491004375	-1.4855529E+00
0,49125425	-681.5328E-03
0,491504125	-1.0835429E+00
0,491754	-957.9147E-03
0,492003875	-681.5328E-03
0,49225375	-681.5328E-03
0,492503625	-681.5328E-03
0,4927535	-983.0404E-03
0,493003375	-1.0835429E+00
0,49325325	-681.5328E-03
0,493503125	-882.5379E-03
0,493753	-1.0835429E+00
0,494002875	-1.0332916E+00
0,49425275	-1.0835429E+00
0,494502625	-681.5328E-03
0,4947525	-1.0835429E+00
0,495002375	-681.5328E-03
0,49525225	-932.7891E-03
0,495502125	-907.6635E-03
0,495752	-731.7841E-03
0,496001875	-1.0835429E+00
0,49625175	-1.0835429E+00
0,496501625	-1.0835429E+00
0,4967515	-681.5328E-03
0,497001375	-807.1610E-03
0,49725125	-907.6635E-03
0,497501125	-681.5328E-03
0,497751	-1.0835429E+00
0,498000875	-1.0835429E+00
0,49825075	-1.0835429E+00
0,498500625	-957.9147E-03
0,4987505	-1.4604273E+00
0,499000375	-1.0835429E+00
0,49925025	-681.5328E-03
0,499500125	-681.5328E-03
