-0.500000047	-0.116206
-0.499500047	-0.035804
-0.499000047	-0.035804
-0.498500047	-0.035804
-0.498000047	-0.035804
-0.497500047	-0.035804
-0.497000047	-0.035804
-0.496500047	-0.035804
-0.496000047	-0.035804
-0.495500047	-0.035804
-0.495000047	-0.035804
-0.494500047	-0.035804
-0.494000047	-0.035804
-0.493500047	0.044598
-0.493000047	-0.035804
-0.492500047	-0.035804
-0.492000047	0.044598
-0.491500047	0.044598
-0.491000047	0.044598
-0.490500047	-0.035804
-0.490000047	-0.035804
-0.489500047	0.044598
-0.489000047	-0.116206
-0.488500047	-0.035804
-0.488000047	-0.035804
-0.487500047	-0.116206
-0.487000047	-0.035804
-0.486500047	-0.116206
-0.486000047	-0.116206
-0.485500047	-0.035804
-0.485000047	-0.035804
-0.484500047	-0.116206
-0.484000047	-0.116206
-0.483500047	0.044598
-0.483000047	-0.116206
-0.482500047	-0.116206
-0.482000047	-0.035804
-0.481500047	-0.035804
-0.481000047	0.044598
-0.480500047	-0.035804
-0.480000047	-0.035804
-0.479500047	-0.035804
-0.479000047	-0.035804
-0.478500047	-0.035804
-0.478000047	-0.035804
-0.477500047	-0.035804
-0.477000047	-0.035804
-0.476500047	-0.035804
-0.476000047	0.044598
-0.475500047	0.044598
-0.475000047	-0.035804
-0.474500047	-0.116206
-0.474000047	-0.035804
-0.473500047	-0.035804
-0.473000047	0.044598
-0.472500047	-0.035804
-0.472000047	-0.116206
-0.471500047	-0.035804
-0.471000047	0.044598
-0.470500047	-0.035804
-0.470000047	-0.035804
-0.469500047	-0.035804
-0.469000047	0.044598
-0.468500047	-0.035804
-0.468000047	0.044598
-0.467500047	-0.116206
-0.467000047	-0.035804
-0.466500047	-0.035804
-0.466000047	-0.116206
-0.465500047	0.044598
-0.465000047	-0.116206
-0.464500047	-0.035804
-0.464000047	-0.035804
-0.463500047	-0.035804
-0.463000047	-0.116206
-0.462500047	-0.116206
-0.462000047	-0.035804
-0.461500047	-0.035804
-0.461000047	-0.116206
-0.460500047	-0.035804
-0.460000047	-0.035804
-0.459500047	-0.035804
-0.459000047	-0.116206
-0.458500047	0.044598
-0.458000047	-0.035804
-0.457500047	-0.035804
-0.457000047	-0.035804
-0.456500047	-0.035804
-0.456000047	-0.035804
-0.455500047	0.044598
-0.455000047	-0.035804
-0.454500047	-0.035804
-0.454000047	-0.116206
-0.453500047	-0.035804
-0.453000047	0.044598
-0.452500047	-0.035804
-0.452000047	0.044598
-0.451500047	-0.035804
-0.451000047	-0.035804
-0.450500047	-0.035804
-0.450000047	-0.116206
-0.449500047	-0.035804
-0.449000047	0.044598
-0.448500047	-0.116206
-0.448000047	-0.035804
-0.447500047	-0.116206
-0.447000047	-0.035804
-0.446500047	-0.035804
-0.446000047	0.044598
-0.445500047	-0.035804
-0.445000047	-0.035804
-0.444500047	-0.035804
-0.444000047	-0.035804
-0.443500047	-0.035804
-0.443000047	-0.035804
-0.442500047	0.044598
-0.442000047	-0.035804
-0.441500047	-0.035804
-0.441000047	-0.035804
-0.440500047	-0.116206
-0.440000047	-0.035804
-0.439500047	0.044598
-0.439000047	-0.035804
-0.438500047	0.044598
-0.438000047	-0.035804
-0.437500047	0.044598
-0.437000047	-0.035804
-0.436500047	-0.035804
-0.436000047	-0.116206
-0.435500047	-0.035804
-0.435000047	-0.035804
-0.434500047	-0.116206
-0.434000047	-0.035804
-0.433500047	-0.035804
-0.433000047	-0.035804
-0.432500047	-0.035804
-0.432000047	0.044598
-0.431500047	-0.035804
-0.431000047	0.044598
-0.430500047	0.044598
-0.430000047	-0.035804
-0.429500047	-0.035804
-0.429000047	-0.035804
-0.428500047	0.044598
-0.428000047	-0.035804
-0.427500047	-0.116206
-0.427000047	0.044598
-0.426500047	-0.035804
-0.426000047	0.044598
-0.425500047	-0.116206
-0.425000047	0.044598
-0.424500047	-0.035804
-0.424000047	-0.035804
-0.423500047	-0.035804
-0.423000047	-0.035804
-0.422500047	0.044598
-0.422000047	-0.035804
-0.421500047	-0.035804
-0.421000047	-0.035804
-0.420500047	0.044598
-0.420000047	-0.035804
-0.419500047	-0.035804
-0.419000047	0.044598
-0.418500047	0.044598
-0.418000047	-0.035804
-0.417500047	-0.035804
-0.417000047	-0.035804
-0.416500047	-0.035804
-0.416000047	-0.035804
-0.415500047	-0.035804
-0.415000047	-0.116206
-0.414500047	0.044598
-0.414000047	-0.035804
-0.413500047	-0.035804
-0.413000047	0.044598
-0.412500047	-0.116206
-0.412000047	-0.035804
-0.411500047	-0.035804
-0.411000047	-0.035804
-0.410500047	-0.035804
-0.410000047	-0.035804
-0.409500047	-0.035804
-0.409000047	0.044598
-0.408500047	0.044598
-0.408000047	-0.035804
-0.407500047	-0.035804
-0.407000047	-0.116206
-0.406500047	-0.035804
-0.406000047	-0.035804
-0.405500047	-0.035804
-0.405000047	-0.035804
-0.404500047	-0.116206
-0.404000047	-0.035804
-0.403500047	-0.035804
-0.403000047	-0.116206
-0.402500047	-0.035804
-0.402000047	-0.035804
-0.401500047	0.044598
-0.401000047	-0.035804
-0.400500047	-0.035804
-0.400000047	-0.116206
-0.399500047	-0.035804
-0.399000047	-0.035804
-0.398500047	0.044598
-0.398000047	-0.035804
-0.397500047	-0.035804
-0.397000047	0.044598
-0.396500047	-0.035804
-0.396000047	-0.035804
-0.395500047	-0.035804
-0.395000047	0.044598
-0.394500047	-0.116206
-0.394000047	-0.035804
-0.393500047	-0.116206
-0.393000047	0.044598
-0.392500047	-0.035804
-0.392000047	-0.116206
-0.391500047	-0.035804
-0.391000047	-0.035804
-0.390500047	-0.116206
-0.390000047	-0.035804
-0.389500047	0.044598
-0.389000047	0.044598
-0.388500047	-0.035804
-0.388000047	-0.035804
-0.387500047	-0.035804
-0.387000047	-0.035804
-0.386500047	-0.035804
-0.386000047	-0.035804
-0.385500047	-0.116206
-0.385000047	-0.035804
-0.384500047	-0.116206
-0.384000047	-0.035804
-0.383500047	-0.035804
-0.383000047	0.044598
-0.382500047	-0.035804
-0.382000047	-0.035804
-0.381500047	-0.035804
-0.381000047	-0.035804
-0.380500047	-0.035804
-0.380000047	0.044598
-0.379500047	0.044598
-0.379000047	0.044598
-0.378500047	-0.035804
-0.378000047	0.044598
-0.377500047	-0.116206
-0.377000047	-0.035804
-0.376500047	0.044598
-0.376000047	-0.035804
-0.375500047	-0.035804
-0.375000047	-0.116206
-0.374500047	0.044598
-0.374000047	-0.116206
-0.373500047	-0.035804
-0.373000047	-0.035804
-0.372500047	0.044598
-0.372000047	-0.035804
-0.371500047	-0.035804
-0.371000047	-0.035804
-0.370500047	-0.035804
-0.370000047	-0.035804
-0.369500047	0.044598
-0.369000047	-0.035804
-0.368500047	0.044598
-0.368000047	-0.035804
-0.367500047	0.044598
-0.367000047	-0.035804
-0.366500047	0.044598
-0.366000047	-0.035804
-0.365500047	-0.116206
-0.365000047	-0.035804
-0.364500047	-0.116206
-0.364000047	-0.035804
-0.363500047	0.044598
-0.363000047	-0.035804
-0.362500047	-0.035804
-0.362000047	-0.035804
-0.361500047	0.044598
-0.361000047	-0.035804
-0.360500047	-0.035804
-0.360000047	-0.035804
-0.359500047	-0.035804
-0.359000047	0.044598
-0.358500047	-0.116206
-0.358000047	-0.035804
-0.357500047	-0.035804
-0.357000047	-0.116206
-0.356500047	-0.035804
-0.356000047	-0.035804
-0.355500047	-0.116206
-0.355000047	-0.035804
-0.354500047	-0.116206
-0.354000047	-0.035804
-0.353500047	-0.035804
-0.353000047	-0.035804
-0.352500047	-0.116206
-0.352000047	-0.035804
-0.351500047	0.044598
-0.351000047	0.044598
-0.350500047	-0.035804
-0.350000047	-0.116206
-0.349500047	0.044598
-0.349000047	-0.035804
-0.348500047	-0.035804
-0.348000047	-0.035804
-0.347500047	0.044598
-0.347000047	0.044598
-0.346500047	-0.035804
-0.346000047	-0.116206
-0.345500047	-0.116206
-0.345000047	-0.035804
-0.344500047	-0.116206
-0.344000047	-0.035804
-0.343500047	-0.035804
-0.343000047	-0.035804
-0.342500047	-0.035804
-0.342000047	-0.035804
-0.341500047	0.044598
-0.341000047	-0.116206
-0.340500047	-0.035804
-0.340000047	-0.116206
-0.339500047	-0.116206
-0.339000047	0.044598
-0.338500047	-0.035804
-0.338000047	-0.116206
-0.337500047	0.044598
-0.337000047	-0.116206
-0.336500047	-0.035804
-0.336000047	0.044598
-0.335500047	0.044598
-0.335000047	-0.035804
-0.334500047	0.044598
-0.334000047	-0.035804
-0.333500047	-0.035804
-0.333000047	-0.035804
-0.332500047	-0.035804
-0.332000047	-0.035804
-0.331500047	-0.035804
-0.331000047	-0.035804
-0.330500047	-0.116206
-0.330000047	-0.035804
-0.329500047	-0.035804
-0.329000047	-0.035804
-0.328500047	-0.035804
-0.328000047	-0.035804
-0.327500047	-0.116206
-0.327000047	-0.035804
-0.326500047	-0.035804
-0.326000047	-0.035804
-0.325500047	0.044598
-0.325000047	0.044598
-0.324500047	-0.035804
-0.324000047	0.044598
-0.323500047	-0.035804
-0.323000047	-0.035804
-0.322500047	-0.035804
-0.322000047	0.044598
-0.321500047	-0.035804
-0.321000047	-0.035804
-0.320500047	-0.116206
-0.320000047	-0.035804
-0.319500047	-0.035804
-0.319000047	0.044598
-0.318500047	-0.035804
-0.318000047	-0.035804
-0.317500047	-0.035804
-0.317000047	-0.116206
-0.316500047	-0.116206
-0.316000047	-0.116206
-0.315500047	0.044598
-0.315000047	-0.035804
-0.314500047	-0.035804
-0.314000047	-0.035804
-0.313500047	-0.035804
-0.313000047	-0.035804
-0.312500047	0.044598
-0.312000047	-0.035804
-0.311500047	0.044598
-0.311000047	0.044598
-0.310500047	-0.116206
-0.310000047	0.044598
-0.309500047	0.044598
-0.309000047	-0.035804
-0.308500047	-0.035804
-0.308000047	-0.035804
-0.307500047	-0.035804
-0.307000047	-0.116206
-0.306500047	-0.035804
-0.306000047	-0.035804
-0.305500047	-0.035804
-0.305000047	-0.035804
-0.304500047	-0.035804
-0.304000047	-0.035804
-0.303500047	-0.116206
-0.303000047	-0.035804
-0.302500047	0.044598
-0.302000047	-0.035804
-0.301500047	0.044598
-0.301000047	-0.116206
-0.300500047	0.044598
-0.300000047	0.044598
-0.299500047	-0.035804
-0.299000047	0.044598
-0.298500047	0.044598
-0.298000047	-0.116206
-0.297500047	-0.035804
-0.297000047	-0.035804
-0.296500047	-0.035804
-0.296000047	-0.035804
-0.295500047	-0.035804
-0.295000047	-0.116206
-0.294500047	-0.116206
-0.294000047	-0.035804
-0.293500047	-0.035804
-0.293000047	-0.035804
-0.292500047	-0.035804
-0.292000047	0.044598
-0.291500047	-0.035804
-0.291000047	-0.116206
-0.290500047	0.044598
-0.290000047	-0.035804
-0.289500047	-0.116206
-0.289000047	-0.035804
-0.288500047	-0.035804
-0.288000047	-0.035804
-0.287500047	-0.035804
-0.287000047	-0.116206
-0.286500047	-0.035804
-0.286000047	-0.035804
-0.285500047	-0.035804
-0.285000047	-0.116206
-0.284500047	-0.035804
-0.284000047	-0.035804
-0.283500047	-0.116206
-0.283000047	-0.035804
-0.282500047	-0.035804
-0.282000047	-0.116206
-0.281500047	0.044598
-0.281000047	-0.035804
-0.280500047	-0.116206
-0.280000047	-0.035804
-0.279500047	-0.116206
-0.279000047	-0.035804
-0.278500047	0.044598
-0.278000047	0.044598
-0.277500047	-0.035804
-0.277000047	-0.116206
-0.276500047	-0.116206
-0.276000047	-0.035804
-0.275500047	-0.035804
-0.275000047	-0.035804
-0.274500047	-0.035804
-0.274000047	0.044598
-0.273500047	-0.035804
-0.273000047	0.044598
-0.272500047	-0.116206
-0.272000047	-0.035804
-0.271500047	0.044598
-0.271000047	0.044598
-0.270500047	0.044598
-0.270000047	-0.116206
-0.269500047	-0.035804
-0.269000047	-0.116206
-0.268500047	-0.035804
-0.268000047	0.044598
-0.267500047	-0.035804
-0.267000047	-0.035804
-0.266500047	-0.035804
-0.266000047	0.044598
-0.265500047	-0.035804
-0.265000047	-0.035804
-0.264500047	-0.035804
-0.264000047	-0.035804
-0.263500047	-0.116206
-0.263000047	-0.116206
-0.262500047	-0.035804
-0.262000047	-0.035804
-0.261500047	-0.035804
-0.261000047	0.044598
-0.260500047	-0.116206
-0.260000047	-0.116206
-0.259500047	-0.116206
-0.259000047	-0.035804
-0.258500047	-0.116206
-0.258000047	-0.035804
-0.257500047	-0.035804
-0.257000047	-0.035804
-0.256500047	-0.035804
-0.256000047	-0.116206
-0.255500047	-0.035804
-0.255000047	-0.035804
-0.254500047	-0.035804
-0.254000047	-0.035804
-0.253500047	0.044598
-0.253000047	0.044598
-0.252500047	0.044598
-0.252000047	-0.035804
-0.251500047	0.044598
-0.251000047	-0.035804
-0.250500047	0.044598
-0.250000047	-0.035804
-0.249500047	-0.035804
-0.249000047	-0.035804
-0.248500047	-0.035804
-0.248000047	-0.035804
-0.247500047	-0.035804
-0.247000047	-0.035804
-0.246500047	0.044598
-0.246000047	0.044598
-0.245500047	0.044598
-0.245000047	-0.035804
-0.244500047	-0.035804
-0.244000047	-0.035804
-0.243500047	-0.035804
-0.243000047	-0.035804
-0.242500047	0.044598
-0.242000047	0.044598
-0.241500047	-0.035804
-0.241000047	-0.035804
-0.240500047	-0.035804
-0.240000047	-0.116206
-0.239500047	0.044598
-0.239000047	-0.035804
-0.238500047	-0.035804
-0.238000047	-0.116206
-0.237500047	-0.035804
-0.237000047	-0.035804
-0.236500047	0.125
-0.236000047	-0.035804
-0.235500047	-0.116206
-0.235000047	-0.035804
-0.234500047	0.044598
-0.234000047	-0.035804
-0.233500047	-0.035804
-0.233000047	-0.116206
-0.232500047	-0.035804
-0.232000047	-0.035804
-0.231500047	-0.035804
-0.231000047	-0.116206
-0.230500047	-0.035804
-0.230000047	-0.035804
-0.229500047	-0.035804
-0.229000047	-0.035804
-0.228500047	-0.035804
-0.228000047	0.044598
-0.227500047	-0.116206
-0.227000047	-0.035804
-0.226500047	0.044598
-0.226000047	-0.116206
-0.225500047	-0.035804
-0.225000047	-0.035804
-0.224500047	-0.035804
-0.224000047	-0.035804
-0.223500047	-0.035804
-0.223000047	-0.035804
-0.222500047	-0.035804
-0.222000047	-0.035804
-0.221500047	-0.035804
-0.221000047	-0.035804
-0.220500047	-0.035804
-0.220000047	-0.035804
-0.219500047	-0.035804
-0.219000047	-0.035804
-0.218500047	-0.035804
-0.218000047	-0.116206
-0.217500047	-0.035804
-0.217000047	-0.116206
-0.216500047	-0.035804
-0.216000047	-0.035804
-0.215500047	-0.035804
-0.215000047	-0.035804
-0.214500047	-0.035804
-0.214000047	-0.035804
-0.213500047	-0.035804
-0.213000047	-0.035804
-0.212500047	-0.035804
-0.212000047	-0.035804
-0.211500047	-0.035804
-0.211000047	-0.035804
-0.210500047	0.044598
-0.210000047	-0.035804
-0.209500047	-0.035804
-0.209000047	-0.035804
-0.208500047	-0.035804
-0.208000047	-0.035804
-0.207500047	-0.035804
-0.207000047	0.044598
-0.206500047	-0.035804
-0.206000047	-0.035804
-0.205500047	-0.035804
-0.205000047	0.044598
-0.204500047	-0.035804
-0.204000047	-0.035804
-0.203500047	-0.035804
-0.203000047	-0.035804
-0.202500047	-0.116206
-0.202000047	-0.035804
-0.201500047	-0.035804
-0.201000047	-0.035804
-0.200500047	-0.035804
-0.200000047	-0.035804
-0.199500047	0.044598
-0.199000047	-0.035804
-0.198500047	-0.035804
-0.198000047	-0.035804
-0.197500047	-0.116206
-0.197000047	0.044598
-0.196500047	-0.035804
-0.196000047	-0.035804
-0.195500047	-0.035804
-0.195000047	-0.116206
-0.194500047	-0.116206
-0.194000047	-0.035804
-0.193500047	-0.116206
-0.193000047	-0.116206
-0.192500047	-0.035804
-0.192000047	0.044598
-0.191500047	-0.035804
-0.191000047	-0.035804
-0.190500047	-0.035804
-0.190000047	-0.035804
-0.189500047	-0.035804
-0.189000047	-0.116206
-0.188500047	-0.035804
-0.188000047	-0.035804
-0.187500047	-0.035804
-0.187000047	0.044598
-0.186500047	-0.035804
-0.186000047	-0.116206
-0.185500047	0.044598
-0.185000047	-0.035804
-0.184500047	-0.035804
-0.184000047	-0.116206
-0.183500047	-0.116206
-0.183000047	-0.116206
-0.182500047	-0.035804
-0.182000047	-0.035804
-0.181500047	0.044598
-0.181000047	-0.035804
-0.180500047	-0.035804
-0.180000047	-0.035804
-0.179500047	-0.035804
-0.179000047	-0.035804
-0.178500047	-0.035804
-0.178000047	-0.035804
-0.177500047	-0.035804
-0.177000047	-0.116206
-0.176500047	0.044598
-0.176000047	-0.035804
-0.175500047	-0.035804
-0.175000047	-0.035804
-0.174500047	-0.116206
-0.174000047	-0.035804
-0.173500047	-0.035804
-0.173000047	0.044598
-0.172500047	-0.035804
-0.172000047	-0.035804
-0.171500047	0.044598
-0.171000047	-0.035804
-0.170500047	-0.116206
-0.170000047	-0.035804
-0.169500047	-0.116206
-0.169000047	-0.116206
-0.168500047	-0.035804
-0.168000047	-0.035804
-0.167500047	-0.035804
-0.167000047	0.044598
-0.166500047	-0.035804
-0.166000047	-0.116206
-0.165500047	-0.035804
-0.165000047	-0.035804
-0.164500047	-0.116206
-0.164000047	-0.116206
-0.163500047	0.044598
-0.163000047	-0.035804
-0.162500047	-0.035804
-0.162000047	-0.035804
-0.161500047	0.044598
-0.161000047	0.044598
-0.160500047	-0.035804
-0.160000047	-0.035804
-0.159500047	0.044598
-0.159000047	-0.035804
-0.158500047	-0.035804
-0.158000047	0.044598
-0.157500047	-0.035804
-0.157000047	-0.035804
-0.156500047	-0.116206
-0.156000047	-0.035804
-0.155500047	-0.035804
-0.155000047	-0.035804
-0.154500047	0.044598
-0.154000047	-0.116206
-0.153500047	-0.116206
-0.153000047	-0.035804
-0.152500047	0.044598
-0.152000047	0.044598
-0.151500047	-0.035804
-0.151000047	-0.035804
-0.150500047	0.125
-0.150000047	-0.035804
-0.149500047	-0.035804
-0.149000047	-0.035804
-0.148500047	-0.035804
-0.148000047	0.044598
-0.147500047	-0.035804
-0.147000047	0.044598
-0.146500047	-0.116206
-0.146000047	-0.035804
-0.145500047	-0.116206
-0.145000047	-0.035804
-0.144500047	-0.035804
-0.144000047	0.044598
-0.143500047	0.044598
-0.143000047	-0.035804
-0.142500047	-0.035804
-0.142000047	-0.116206
-0.141500047	-0.035804
-0.141000047	-0.035804
-0.140500047	-0.035804
-0.140000047	-0.035804
-0.139500047	-0.035804
-0.139000047	-0.116206
-0.138500047	-0.035804
-0.138000047	-0.035804
-0.137500047	-0.035804
-0.137000047	-0.035804
-0.136500047	-0.035804
-0.136000047	-0.116206
-0.135500047	-0.035804
-0.135000047	-0.035804
-0.134500047	-0.116206
-0.134000047	-0.035804
-0.133500047	-0.035804
-0.133000047	-0.035804
-0.132500047	-0.035804
-0.132000047	0.044598
-0.131500047	-0.116206
-0.131000047	-0.116206
-0.130500047	-0.116206
-0.130000047	-0.035804
-0.129500047	-0.116206
-0.129000047	-0.035804
-0.128500047	-0.035804
-0.128000047	-0.035804
-0.127500047	-0.035804
-0.127000047	0.044598
-0.126500047	-0.035804
-0.126000047	-0.035804
-0.125500047	-0.035804
-0.125000047	-0.035804
-0.124500047	-0.035804
-0.124000047	-0.035804
-0.123500047	-0.116206
-0.123000047	0.044598
-0.122500047	-0.035804
-0.122000047	0.044598
-0.121500047	-0.116206
-0.121000047	-0.035804
-0.120500047	-0.035804
-0.120000047	-0.035804
-0.119500047	-0.035804
-0.119000047	-0.035804
-0.118500047	0.044598
-0.118000047	-0.035804
-0.117500047	-0.035804
-0.117000047	-0.035804
-0.116500047	-0.116206
-0.116000047	0.044598
-0.115500047	-0.035804
-0.115000047	-0.035804
-0.114500047	-0.035804
-0.114000047	-0.035804
-0.113500047	-0.035804
-0.113000047	-0.035804
-0.112500047	-0.035804
-0.112000047	0.044598
-0.111500047	-0.035804
-0.111000047	-0.035804
-0.110500047	-0.035804
-0.110000047	-0.035804
-0.109500047	-0.035804
-0.109000047	-0.035804
-0.108500047	0.044598
-0.108000047	0.044598
-0.107500047	-0.116206
-0.107000047	0.044598
-0.106500047	-0.035804
-0.106000047	-0.035804
-0.105500047	-0.035804
-0.105000047	0.044598
-0.104500047	-0.116206
-0.104000047	-0.035804
-0.103500047	-0.035804
-0.103000047	-0.116206
-0.102500047	-0.035804
-0.102000047	0.044598
-0.101500047	-0.116206
-0.101000047	-0.116206
-0.100500047	-0.035804
-0.100000047	-0.035804
-0.099500047	0.044598
-0.099000047	-0.116206
-0.098500047	-0.035804
-0.098000047	-0.035804
-0.097500047	-0.035804
-0.097000047	-0.035804
-0.096500047	-0.035804
-0.096000047	-0.035804
-0.095500047	0.044598
-0.095000047	0.044598
-0.094500047	0.044598
-0.094000047	-0.035804
-0.093500047	-0.035804
-0.093000047	-0.035804
-0.092500047	-0.035804
-0.092000047	0.044598
-0.091500047	-0.116206
-0.091000047	-0.035804
-0.090500047	-0.035804
-0.090000047	-0.035804
-0.089500047	0.044598
-0.089000047	0.044598
-0.088500047	-0.035804
-0.088000047	0.044598
-0.087500047	-0.035804
-0.087000047	0.044598
-0.086500047	-0.035804
-0.086000047	-0.035804
-0.085500047	-0.035804
-0.085000047	-0.116206
-0.084500047	-0.035804
-0.084000047	-0.116206
-0.083500047	-0.035804
-0.083000047	-0.035804
-0.082500047	-0.035804
-0.082000047	-0.035804
-0.081500047	-0.116206
-0.081000047	-0.035804
-0.080500047	-0.035804
-0.080000047	0.044598
-0.079500047	0.044598
-0.079000047	0.044598
-0.078500047	-0.035804
-0.078000047	-0.035804
-0.077500047	-0.035804
-0.077000047	0.044598
-0.076500047	0.044598
-0.076000047	-0.116206
-0.075500047	-0.035804
-0.075000047	-0.035804
-0.074500047	-0.035804
-0.074000047	-0.035804
-0.073500047	-0.035804
-0.073000047	-0.035804
-0.072500047	-0.035804
-0.072000047	-0.035804
-0.071500047	0.044598
-0.071000047	-0.035804
-0.070500047	0.044598
-0.070000047	0.044598
-0.069500047	-0.035804
-0.069000047	0.044598
-0.068500047	-0.035804
-0.068000047	-0.035804
-0.067500047	-0.035804
-0.067000047	-0.035804
-0.066500047	-0.035804
-0.066000047	0.044598
-0.065500047	-0.035804
-0.065000047	0.044598
-0.064500047	-0.035804
-0.064000047	-0.035804
-0.063500047	-0.035804
-0.063000047	-0.035804
-0.062500047	-0.116206
-0.062000047	-0.035804
-0.061500047	-0.035804
-0.061000047	0.044598
-0.060500047	-0.035804
-0.060000047	-0.035804
-0.059500047	-0.116206
-0.059000047	-0.116206
-0.058500047	-0.035804
-0.058000047	0.044598
-0.057500047	-0.035804
-0.057000047	-0.035804
-0.056500047	0.044598
-0.056000047	-0.035804
-0.055500047	-0.035804
-0.055000047	-0.035804
-0.054500047	-0.035804
-0.054000047	-0.035804
-0.053500047	0.044598
-0.053000047	0.044598
-0.052500047	-0.035804
-0.052000047	0.044598
-0.051500047	-0.035804
-0.051000047	-0.035804
-0.050500047	-0.035804
-0.050000047	-0.035804
-0.049500047	-0.035804
-0.049000047	-0.035804
-0.048500047	-0.035804
-0.048000047	0.044598
-0.047500047	-0.035804
-0.047000047	-0.035804
-0.046500047	0.044598
-0.046000047	-0.035804
-0.045500047	-0.035804
-0.045000047	-0.035804
-0.044500047	-0.035804
-0.044000047	-0.035804
-0.043500047	-0.035804
-0.043000047	-0.035804
-0.042500047	-0.035804
-0.042000047	-0.035804
-0.041500047	0.044598
-0.041000047	-0.035804
-0.040500047	-0.035804
-0.040000047	-0.035804
-0.039500047	0.044598
-0.039000047	-0.116206
-0.038500047	-0.035804
-0.038000047	0.044598
-0.037500047	-0.035804
-0.037000047	-0.116206
-0.036500047	-0.035804
-0.036000047	-0.035804
-0.035500047	-0.116206
-0.035000047	-0.035804
-0.034500047	0.044598
-0.034000047	-0.116206
-0.033500047	0.044598
-0.033000047	-0.035804
-0.032500047	-0.035804
-0.032000047	-0.035804
-0.031500047	-0.035804
-0.031000047	-0.035804
-0.030500047	-0.035804
-0.030000047	0.044598
-0.029500047	-0.035804
-0.029000047	-0.035804
-0.028500047	-0.035804
-0.028000047	-0.035804
-0.027500047	-0.035804
-0.027000047	-0.035804
-0.026500047	-0.116206
-0.026000047	-0.035804
-0.025500047	-0.035804
-0.025000047	-0.116206
-0.024500047	0.044598
-0.024000047	-0.035804
-0.023500047	-0.035804
-0.023000047	-0.035804
-0.022500047	-0.035804
-0.022000047	0.044598
-0.021500047	0.044598
-0.021000047	-0.035804
-0.020500047	0.044598
-0.020000047	0.044598
-0.019500047	0.044598
-0.019000047	0.044598
-0.018500047	-0.035804
-0.018000047	0.044598
-0.017500047	-0.035804
-0.017000047	-0.035804
-0.016500047	-0.035804
-0.016000047	-0.035804
-0.015500047	-0.035804
-0.015000047	-0.035804
-0.014500047	-0.035804
-0.014000047	-0.035804
-0.013500047	-0.035804
-0.013000047	0.125
-0.012500047	-0.035804
-0.012000047	0.044598
-0.011500047	0.044598
-0.011000047	-0.035804
-0.010500047	-0.035804
-0.010000047	-0.035804
-0.009500047	-0.035804
-0.009000047	-0.035804
-0.008500047	-0.035804
-0.008000047	-0.035804
-0.007500047	0.044598
-0.007000047	0.044598
-0.006500047	-0.035804
-0.006000047	-0.035804
-0.005500047	0.044598
-0.005000047	-0.116206
-0.004500047	0.044598
-0.004000047	-0.035804
-0.003500047	-0.035804
-0.003000047	0.044598
-0.002500047	-0.035804
-0.002000047	-0.035804
-0.001500047	-0.035804
-0.001000047	0.044598
-0.000500047	-0.035804
-4.678E-08	0.52701
0.000499953	1.41143
0.000999953	1.81344
0.001499953	1.89384
0.001999953	1.73304
0.002499953	1.73304
0.002999953	1.73304
0.003499953	1.81344
0.003999953	1.81344
0.004499953	1.81344
0.004999953	1.81344
0.005499953	1.81344
0.005999953	1.73304
0.006499953	1.73304
0.006999953	1.73304
0.007499953	1.65264
0.007999953	1.65264
0.008499953	1.81344
0.008999953	1.65264
0.009499953	1.65264
0.009999953	1.57224
0.010499953	1.65264
0.010999953	1.57224
0.011499953	1.57224
0.011999953	1.57224
0.012499953	1.57224
0.012999953	1.49183
0.013499953	1.57224
0.013999953	1.57224
0.014499953	1.49183
0.014999953	1.49183
0.015499953	1.57224
0.015999953	1.33103
0.016499953	1.41143
0.016999953	1.41143
0.017499953	1.41143
0.017999953	1.41143
0.018499953	1.49183
0.018999953	1.41143
0.019499953	1.41143
0.019999953	1.33103
0.020499953	1.33103
0.020999953	1.33103
0.021499953	1.33103
0.021999953	1.33103
0.022499953	1.33103
0.022999953	1.33103
0.023499953	1.33103
0.023999953	1.25063
0.024499953	1.33103
0.024999953	1.25063
0.025499953	1.17023
0.025999953	1.25063
0.026499953	1.25063
0.026999953	1.25063
0.027499953	1.17023
0.027999953	1.17023
0.028499953	1.25063
0.028999953	1.17023
0.029499953	1.17023
0.029999953	1.17023
0.030499953	1.17023
0.030999953	1.17023
0.031499953	1.08982
0.031999953	1.17023
0.032499953	1.17023
0.032999953	1.17023
0.033499953	1.08982
0.033999953	1.08982
0.034499953	1.17023
0.034999953	1.08982
0.035499953	1.08982
0.035999953	1.00942
0.036499953	1.00942
0.036999953	1.08982
0.037499953	1.08982
0.037999953	1.08982
0.038499953	1.08982
0.038999953	1.08982
0.039499953	0.92902
0.039999953	1.00942
0.040499953	1.08982
0.040999953	0.92902
0.041499953	1.00942
0.041999953	0.92902
0.042499953	1.00942
0.042999953	0.92902
0.043499953	0.92902
0.043999953	0.92902
0.044499953	0.92902
0.044999953	0.92902
0.045499953	0.848618
0.045999953	0.92902
0.046499953	0.92902
0.046999953	0.92902
0.047499953	0.848618
0.047999953	0.848618
0.048499953	0.92902
0.048999953	0.92902
0.049499953	0.92902
0.049999953	0.92902
0.050499953	0.848618
0.050999953	0.848618
0.051499953	0.92902
0.051999953	0.92902
0.052499953	0.92902
0.052999953	0.768216
0.053499953	0.848618
0.053999953	0.768216
0.054499953	0.848618
0.054999953	0.848618
0.055499953	0.848618
0.055999953	0.768216
0.056499953	0.848618
0.056999953	0.848618
0.057499953	0.848618
0.057999953	0.92902
0.058499953	0.768216
0.058999953	0.768216
0.059499953	0.768216
0.059999953	0.687814
0.060499953	0.687814
0.060999953	0.687814
0.061499953	0.768216
0.061999953	0.768216
0.062499953	0.768216
0.062999953	0.768216
0.063499953	0.687814
0.063999953	0.687814
0.064499953	0.687814
0.064999953	0.687814
0.065499953	0.687814
0.065999953	0.687814
0.066499953	0.768216
0.066999953	0.687814
0.067499953	0.687814
0.067999953	0.607412
0.068499953	0.768216
0.068999953	0.607412
0.069499953	0.768216
0.069999953	0.607412
0.070499953	0.687814
0.070999953	0.607412
0.071499953	0.607412
0.071999953	0.768216
0.072499953	0.687814
0.072999953	0.768216
0.073499953	0.607412
0.073999953	0.607412
0.074499953	0.687814
0.074999953	0.687814
0.075499953	0.607412
0.075999953	0.687814
0.076499953	0.607412
0.076999953	0.687814
0.077499953	0.607412
0.077999953	0.607412
0.078499953	0.687814
0.078999953	0.687814
0.079499953	0.607412
0.079999953	0.52701
0.080499953	0.607412
0.080999953	0.52701
0.081499953	0.607412
0.081999953	0.607412
0.082499953	0.52701
0.082999953	0.607412
0.083499953	0.607412
0.083999953	0.52701
0.084499953	0.607412
0.084999953	0.607412
0.085499953	0.607412
0.085999953	0.52701
0.086499953	0.607412
0.086999953	0.52701
0.087499953	0.52701
0.087999953	0.52701
0.088499953	0.52701
0.088999953	0.52701
0.089499953	0.52701
0.089999953	0.52701
0.090499953	0.52701
0.090999953	0.607412
0.091499953	0.446608
0.091999953	0.446608
0.092499953	0.52701
0.092999953	0.446608
0.093499953	0.52701
0.093999953	0.446608
0.094499953	0.607412
0.094999953	0.52701
0.095499953	0.446608
0.095999953	0.52701
0.096499953	0.446608
0.096999953	0.52701
0.097499953	0.52701
0.097999953	0.52701
0.098499953	0.446608
0.098999953	0.52701
0.099499953	0.52701
0.099999953	0.52701
0.100499953	0.366206
0.100999953	0.446608
0.101499953	0.446608
0.101999953	0.446608
0.102499953	0.446608
0.102999953	0.52701
0.103499953	0.446608
0.103999953	0.446608
0.104499953	0.52701
0.104999953	0.446608
0.105499953	0.446608
0.105999953	0.366206
0.106499953	0.366206
0.106999953	0.446608
0.107499953	0.446608
0.107999953	0.366206
0.108499953	0.446608
0.108999953	0.366206
0.109499953	0.366206
0.109999953	0.366206
0.110499953	0.446608
0.110999953	0.366206
0.111499953	0.52701
0.111999953	0.366206
0.112499953	0.366206
0.112999953	0.446608
0.113499953	0.446608
0.113999953	0.366206
0.114499953	0.366206
0.114999953	0.446608
0.115499953	0.366206
0.115999953	0.366206
0.116499953	0.446608
0.116999953	0.446608
0.117499953	0.366206
0.117999953	0.285804
0.118499953	0.366206
0.118999953	0.366206
0.119499953	0.285804
0.119999953	0.366206
0.120499953	0.366206
0.120999953	0.366206
0.121499953	0.446608
0.121999953	0.446608
0.122499953	0.285804
0.122999953	0.446608
0.123499953	0.446608
0.123999953	0.285804
0.124499953	0.366206
0.124999953	0.366206
0.125499953	0.285804
0.125999953	0.366206
0.126499953	0.366206
0.126999953	0.366206
0.127499953	0.205402
0.127999953	0.285804
0.128499953	0.285804
0.128999953	0.366206
0.129499953	0.285804
0.129999953	0.366206
0.130499953	0.366206
0.130999953	0.285804
0.131499953	0.285804
0.131999953	0.285804
0.132499953	0.366206
0.132999953	0.366206
0.133499953	0.366206
0.133999953	0.366206
0.134499953	0.366206
0.134999953	0.366206
0.135499953	0.366206
0.135999953	0.285804
0.136499953	0.366206
0.136999953	0.366206
0.137499953	0.285804
0.137999953	0.366206
0.138499953	0.205402
0.138999953	0.205402
0.139499953	0.366206
0.139999953	0.205402
0.140499953	0.285804
0.140999953	0.366206
0.141499953	0.285804
0.141999953	0.205402
0.142499953	0.285804
0.142999953	0.285804
0.143499953	0.285804
0.143999953	0.285804
0.144499953	0.285804
0.144999953	0.285804
0.145499953	0.285804
0.145999953	0.285804
0.146499953	0.285804
0.146999953	0.285804
0.147499953	0.125
0.147999953	0.205402
0.148499953	0.285804
0.148999953	0.205402
0.149499953	0.205402
0.149999953	0.285804
0.150499953	0.285804
0.150999953	0.285804
0.151499953	0.285804
0.151999953	0.285804
0.152499953	0.205402
0.152999953	0.205402
0.153499953	0.205402
0.153999953	0.285804
0.154499953	0.205402
0.154999953	0.205402
0.155499953	0.205402
0.155999953	0.205402
0.156499953	0.285804
0.156999953	0.205402
0.157499953	0.285804
0.157999953	0.205402
0.158499953	0.285804
0.158999953	0.285804
0.159499953	0.285804
0.159999953	0.285804
0.160499953	0.205402
0.160999953	0.205402
0.161499953	0.205402
0.161999953	0.205402
0.162499953	0.205402
0.162999953	0.125
0.163499953	0.205402
0.163999953	0.205402
0.164499953	0.125
0.164999953	0.285804
0.165499953	0.205402
0.165999953	0.205402
0.166499953	0.205402
0.166999953	0.205402
0.167499953	0.205402
0.167999953	0.205402
0.168499953	0.125
0.168999953	0.205402
0.169499953	0.205402
0.169999953	0.205402
0.170499953	0.285804
0.170999953	0.125
0.171499953	0.205402
0.171999953	0.205402
0.172499953	0.125
0.172999953	0.205402
0.173499953	0.205402
0.173999953	0.125
0.174499953	0.205402
0.174999953	0.205402
0.175499953	0.205402
0.175999953	0.205402
0.176499953	0.205402
0.176999953	0.125
0.177499953	0.285804
0.177999953	0.205402
0.178499953	0.125
0.178999953	0.205402
0.179499953	0.125
0.179999953	0.205402
0.180499953	0.205402
0.180999953	0.205402
0.181499953	0.205402
0.181999953	0.205402
0.182499953	0.125
0.182999953	0.125
0.183499953	0.125
0.183999953	0.125
0.184499953	0.125
0.184999953	0.205402
0.185499953	0.125
0.185999953	0.205402
0.186499953	0.125
0.186999953	0.125
0.187499953	0.125
0.187999953	0.205402
0.188499953	0.125
0.188999953	0.125
0.189499953	0.205402
0.189999953	0.125
0.190499953	0.125
0.190999953	0.125
0.191499953	0.125
0.191999953	0.044598
0.192499953	0.205402
0.192999953	0.125
0.193499953	0.044598
0.193999953	0.205402
0.194499953	0.205402
0.194999953	0.125
0.195499953	0.125
0.195999953	0.125
0.196499953	0.125
0.196999953	0.125
0.197499953	0.125
0.197999953	0.044598
0.198499953	0.205402
0.198999953	0.044598
0.199499953	0.205402
0.199999953	0.205402
0.200499953	0.205402
0.200999953	0.125
0.201499953	0.044598
0.201999953	0.125
0.202499953	0.125
0.202999953	0.125
0.203499953	0.044598
0.203999953	0.125
0.204499953	0.205402
0.204999953	0.125
0.205499953	0.125
0.205999953	0.205402
0.206499953	0.044598
0.206999953	0.205402
0.207499953	0.125
0.207999953	0.125
0.208499953	0.125
0.208999953	0.125
0.209499953	0.044598
0.209999953	0.125
0.210499953	0.125
0.210999953	0.205402
0.211499953	0.125
0.211999953	0.205402
0.212499953	0.125
0.212999953	0.125
0.213499953	0.125
0.213999953	0.125
0.214499953	0.125
0.214999953	0.125
0.215499953	0.044598
0.215999953	0.125
0.216499953	0.125
0.216999953	0.125
0.217499953	0.125
0.217999953	0.125
0.218499953	0.044598
0.218999953	0.125
0.219499953	0.044598
0.219999953	0.125
0.220499953	0.205402
0.220999953	0.125
0.221499953	0.125
0.221999953	0.205402
0.222499953	0.044598
0.222999953	0.044598
0.223499953	0.044598
0.223999953	0.125
0.224499953	0.125
0.224999953	0.125
0.225499953	0.044598
0.225999953	0.044598
0.226499953	0.125
0.226999953	0.125
0.227499953	0.125
0.227999953	0.125
0.228499953	0.125
0.228999953	0.125
0.229499953	0.125
0.229999953	-0.035804
0.230499953	0.125
0.230999953	0.125
0.231499953	0.205402
0.231999953	0.125
0.232499953	0.125
0.232999953	0.125
0.233499953	0.125
0.233999953	0.125
0.234499953	0.044598
0.234999953	0.125
0.235499953	0.125
0.235999953	0.125
0.236499953	0.125
0.236999953	0.044598
0.237499953	0.044598
0.237999953	0.125
0.238499953	0.125
0.238999953	0.125
0.239499953	0.044598
0.239999953	0.125
0.240499953	0.125
0.240999953	0.125
0.241499953	0.044598
0.241999953	0.125
0.242499953	0.044598
0.242999953	0.044598
0.243499953	0.044598
0.243999953	0.125
0.244499953	0.044598
0.244999953	0.044598
0.245499953	0.125
0.245999953	-0.035804
0.246499953	0.125
0.246999953	0.125
0.247499953	0.125
0.247999953	0.125
0.248499953	0.044598
0.248999953	0.044598
0.249499953	0.044598
0.249999953	0.044598
0.250499953	0.125
0.250999953	0.125
0.251499953	0.044598
0.251999953	0.125
0.252499953	0.044598
0.252999953	0.044598
0.253499953	0.044598
0.253999953	0.125
0.254499953	0.125
0.254999953	0.125
0.255499953	0.044598
0.255999953	0.044598
0.256499953	0.125
0.256999953	0.044598
0.257499953	0.125
0.257999953	0.044598
0.258499953	0.044598
0.258999953	0.044598
0.259499953	-0.035804
0.259999953	0.125
0.260499953	0.125
0.260999953	0.125
0.261499953	0.044598
0.261999953	0.044598
0.262499953	0.044598
0.262999953	0.044598
0.263499953	0.044598
0.263999953	0.125
0.264499953	0.044598
0.264999953	0.125
0.265499953	0.125
0.265999953	0.125
0.266499953	0.044598
0.266999953	0.044598
0.267499953	0.125
0.267999953	0.044598
0.268499953	-0.035804
0.268999953	0.125
0.269499953	0.125
0.269999953	0.125
0.270499953	0.044598
0.270999953	0.044598
0.271499953	0.044598
0.271999953	0.044598
0.272499953	0.044598
0.272999953	0.044598
0.273499953	0.044598
0.273999953	0.044598
0.274499953	0.125
0.274999953	0.044598
0.275499953	0.125
0.275999953	0.125
0.276499953	0.125
0.276999953	0.044598
0.277499953	-0.035804
0.277999953	0.125
0.278499953	0.125
0.278999953	0.125
0.279499953	0.044598
0.279999953	0.125
0.280499953	0.044598
0.280999953	0.044598
0.281499953	0.044598
0.281999953	0.044598
0.282499953	0.044598
0.282999953	0.044598
0.283499953	0.044598
0.283999953	0.125
0.284499953	0.044598
0.284999953	0.044598
0.285499953	0.044598
0.285999953	0.044598
0.286499953	0.044598
0.286999953	0.044598
0.287499953	0.125
0.287999953	0.044598
0.288499953	0.044598
0.288999953	-0.035804
0.289499953	0.044598
0.289999953	0.044598
0.290499953	0.044598
0.290999953	0.044598
0.291499953	0.125
0.291999953	0.044598
0.292499953	0.044598
0.292999953	-0.035804
0.293499953	0.044598
0.293999953	-0.035804
0.294499953	-0.035804
0.294999953	0.125
0.295499953	0.044598
0.295999953	0.044598
0.296499953	0.044598
0.296999953	0.044598
0.297499953	0.044598
0.297999953	0.044598
0.298499953	0.125
0.298999953	0.044598
0.299499953	0.044598
0.299999953	0.044598
0.300499953	0.044598
0.300999953	0.125
0.301499953	0.044598
0.301999953	0.044598
0.302499953	0.044598
0.302999953	0.044598
0.303499953	0.044598
0.303999953	0.044598
0.304499953	0.044598
0.304999953	-0.035804
0.305499953	0.044598
0.305999953	0.044598
0.306499953	0.044598
0.306999953	-0.035804
0.307499953	-0.035804
0.307999953	-0.035804
0.308499953	0.044598
0.308999953	-0.035804
0.309499953	0.044598
0.309999953	0.044598
0.310499953	0.125
0.310999953	0.044598
0.311499953	0.044598
0.311999953	0.044598
0.312499953	0.044598
0.312999953	0.044598
0.313499953	0.125
0.313999953	0.044598
0.314499953	0.044598
0.314999953	-0.035804
0.315499953	0.125
0.315999953	-0.035804
0.316499953	0.125
0.316999953	-0.035804
0.317499953	0.044598
0.317999953	0.125
0.318499953	0.044598
0.318999953	0.044598
0.319499953	0.125
0.319999953	0.044598
0.320499953	-0.035804
0.320999953	0.125
0.321499953	-0.035804
0.321999953	0.044598
0.322499953	0.044598
0.322999953	0.044598
0.323499953	0.044598
0.323999953	0.044598
0.324499953	0.125
0.324999953	-0.035804
0.325499953	-0.035804
0.325999953	-0.035804
0.326499953	0.044598
0.326999953	-0.035804
0.327499953	0.044598
0.327999953	-0.035804
0.328499953	0.044598
0.328999953	0.125
0.329499953	-0.035804
0.329999953	0.125
0.330499953	0.044598
0.330999953	0.044598
0.331499953	-0.035804
0.331999953	0.044598
0.332499953	0.044598
0.332999953	0.044598
0.333499953	0.044598
0.333999953	0.044598
0.334499953	0.125
0.334999953	0.125
0.335499953	-0.035804
0.335999953	-0.035804
0.336499953	0.044598
0.336999953	0.044598
0.337499953	0.044598
0.337999953	0.044598
0.338499953	0.044598
0.338999953	-0.035804
0.339499953	0.044598
0.339999953	-0.035804
0.340499953	-0.035804
0.340999953	0.044598
0.341499953	-0.035804
0.341999953	0.125
0.342499953	0.044598
0.342999953	-0.035804
0.343499953	-0.035804
0.343999953	0.125
0.344499953	-0.035804
0.344999953	0.044598
0.345499953	0.044598
0.345999953	0.044598
0.346499953	0.044598
0.346999953	0.044598
0.347499953	-0.035804
0.347999953	0.125
0.348499953	0.044598
0.348999953	0.044598
0.349499953	0.125
0.349999953	0.044598
0.350499953	0.044598
0.350999953	0.044598
0.351499953	0.044598
0.351999953	0.044598
0.352499953	0.044598
0.352999953	0.044598
0.353499953	0.125
0.353999953	0.044598
0.354499953	0.125
0.354999953	-0.035804
0.355499953	-0.035804
0.355999953	0.044598
0.356499953	-0.035804
0.356999953	0.044598
0.357499953	0.044598
0.357999953	-0.035804
0.358499953	-0.035804
0.358999953	0.044598
0.359499953	-0.035804
0.359999953	0.044598
0.360499953	-0.035804
0.360999953	0.044598
0.361499953	0.044598
0.361999953	-0.035804
0.362499953	0.044598
0.362999953	-0.035804
0.363499953	0.044598
0.363999953	-0.035804
0.364499953	0.044598
0.364999953	-0.035804
0.365499953	-0.035804
0.365999953	-0.035804
0.366499953	-0.035804
0.366999953	0.044598
0.367499953	-0.035804
0.367999953	-0.035804
0.368499953	-0.035804
0.368999953	-0.035804
0.369499953	0.044598
0.369999953	0.044598
0.370499953	0.044598
0.370999953	0.044598
0.371499953	0.044598
0.371999953	0.125
0.372499953	-0.035804
0.372999953	0.044598
0.373499953	0.044598
0.373999953	0.044598
0.374499953	0.044598
0.374999953	-0.035804
0.375499953	0.044598
0.375999953	0.044598
0.376499953	0.125
0.376999953	-0.035804
0.377499953	-0.035804
0.377999953	-0.035804
0.378499953	0.044598
0.378999953	0.125
0.379499953	-0.035804
0.379999953	0.044598
0.380499953	-0.035804
0.380999953	0.044598
0.381499953	0.044598
0.381999953	0.044598
0.382499953	-0.035804
0.382999953	0.044598
0.383499953	-0.035804
0.383999953	-0.035804
0.384499953	-0.035804
0.384999953	-0.035804
0.385499953	0.044598
0.385999953	0.044598
0.386499953	0.044598
0.386999953	-0.116206
0.387499953	0.044598
0.387999953	0.044598
0.388499953	-0.035804
0.388999953	-0.035804
0.389499953	0.044598
0.389999953	-0.035804
0.390499953	0.044598
0.390999953	0.044598
0.391499953	0.044598
0.391999953	0.044598
0.392499953	0.044598
0.392999953	0.044598
0.393499953	0.044598
0.393999953	-0.035804
0.394499953	0.044598
0.394999953	0.044598
0.395499953	0.044598
0.395999953	0.044598
0.396499953	-0.035804
0.396999953	0.044598
0.397499953	-0.035804
0.397999953	0.044598
0.398499953	-0.035804
0.398999953	0.044598
0.399499953	-0.035804
0.399999953	-0.035804
0.400499953	-0.035804
0.400999953	-0.035804
0.401499953	-0.035804
0.401999953	-0.035804
0.402499953	0.044598
0.402999953	0.044598
0.403499953	0.044598
0.403999953	0.044598
0.404499953	-0.035804
0.404999953	-0.035804
0.405499953	-0.035804
0.405999953	-0.035804
0.406499953	0.044598
0.406999953	0.125
0.407499953	0.044598
0.407999953	0.044598
0.408499953	0.044598
0.408999953	0.044598
0.409499953	0.044598
0.409999953	-0.035804
0.410499953	0.044598
0.410999953	0.044598
0.411499953	0.044598
0.411999953	0.044598
0.412499953	0.044598
0.412999953	-0.035804
0.413499953	-0.035804
0.413999953	-0.035804
0.414499953	-0.035804
0.414999953	-0.035804
0.415499953	-0.035804
0.415999953	-0.035804
0.416499953	-0.035804
0.416999953	0.044598
0.417499953	0.125
0.417999953	0.044598
0.418499953	0.044598
0.418999953	-0.035804
0.419499953	0.044598
0.419999953	-0.035804
0.420499953	0.044598
0.420999953	0.044598
0.421499953	-0.035804
0.421999953	-0.035804
0.422499953	-0.035804
0.422999953	-0.035804
0.423499953	-0.035804
0.423999953	0.044598
0.424499953	0.044598
0.424999953	-0.035804
0.425499953	-0.035804
0.425999953	0.044598
0.426499953	0.044598
0.426999953	0.044598
0.427499953	0.044598
0.427999953	0.044598
0.428499953	-0.035804
0.428999953	-0.035804
0.429499953	-0.035804
0.429999953	-0.035804
0.430499953	0.044598
0.430999953	-0.035804
0.431499953	-0.035804
0.431999953	0.044598
0.432499953	0.044598
0.432999953	0.044598
0.433499953	0.125
0.433999953	0.044598
0.434499953	0.044598
0.434999953	-0.035804
0.435499953	-0.035804
0.435999953	0.044598
0.436499953	-0.035804
0.436999953	-0.035804
0.437499953	-0.035804
0.437999953	0.044598
0.438499953	-0.035804
0.438999953	-0.035804
0.439499953	0.044598
0.439999953	-0.035804
0.440499953	-0.035804
0.440999953	0.125
0.441499953	0.044598
0.441999953	-0.035804
0.442499953	-0.035804
0.442999953	0.044598
0.443499953	0.044598
0.443999953	-0.035804
0.444499953	-0.035804
0.444999953	-0.035804
0.445499953	-0.035804
0.445999953	-0.035804
0.446499953	0.044598
0.446999953	-0.035804
0.447499953	-0.116206
0.447999953	-0.035804
0.448499953	-0.035804
0.448999953	-0.035804
0.449499953	-0.035804
0.449999953	-0.035804
0.450499953	-0.035804
0.450999953	0.044598
0.451499953	0.044598
0.451999953	-0.035804
0.452499953	-0.035804
0.452999953	-0.035804
0.453499953	-0.035804
0.453999953	0.044598
0.454499953	-0.035804
0.454999953	0.044598
0.455499953	-0.035804
0.455999953	0.044598
0.456499953	-0.035804
0.456999953	-0.035804
0.457499953	-0.035804
0.457999953	-0.035804
0.458499953	0.044598
0.458999953	-0.035804
0.459499953	0.044598
0.459999953	-0.035804
0.460499953	0.044598
0.460999953	0.044598
0.461499953	-0.035804
0.461999953	0.044598
0.462499953	-0.035804
0.462999953	0.044598
0.463499953	-0.035804
0.463999953	0.044598
0.464499953	-0.035804
0.464999953	-0.116206
0.465499953	-0.035804
0.465999953	-0.035804
0.466499953	-0.035804
0.466999953	0.044598
0.467499953	-0.035804
0.467999953	-0.035804
0.468499953	0.044598
0.468999953	0.044598
0.469499953	-0.035804
0.469999953	-0.035804
0.470499953	0.044598
0.470999953	0.044598
0.471499953	-0.035804
0.471999953	-0.035804
0.472499953	0.044598
0.472999953	0.044598
0.473499953	-0.035804
0.473999953	-0.035804
0.474499953	-0.035804
0.474999953	0.044598
0.475499953	0.044598
0.475999953	-0.035804
0.476499953	0.044598
0.476999953	-0.035804
0.477499953	-0.035804
0.477999953	-0.035804
0.478499953	0.044598
0.478999953	-0.035804
0.479499953	0.044598
0.479999953	-0.035804
0.480499953	0.044598
0.480999953	0.044598
0.481499953	0.125
0.481999953	0.044598
0.482499953	-0.035804
0.482999953	-0.035804
0.483499953	0.044598
0.483999953	-0.035804
0.484499953	0.044598
0.484999953	0.044598
0.485499953	-0.035804
0.485999953	-0.035804
0.486499953	-0.035804
0.486999953	-0.035804
0.487499953	-0.035804
0.487999953	-0.035804
0.488499953	-0.035804
0.488999953	-0.035804
0.489499953	0.044598
0.489999953	0.044598
0.490499953	-0.035804
0.490999953	-0.035804
0.491499953	0.044598
0.491999953	0.044598
0.492499953	-0.035804
0.492999953	-0.035804
0.493499953	0.044598
0.493999953	0.044598
0.494499953	0.044598
0.494999953	0.044598
0.495499953	0.044598
0.495999953	-0.035804
0.496499953	-0.035804
0.496999953	-0.035804
0.497499953	-0.035804
0.497999953	0.044598
0.498499953	-0.035804
0.498999953	0.044598
0.499499953	-0.035804
