+2.1190000E+00	-76.5023E-03
+2.1192500E+00	+3.8997E-03
+2.1195000E+00	+84.3017E-03
+2.1197500E+00	+3.8997E-03
+2.1200000E+00	-71.4772E-03
+2.1202500E+00	-76.5023E-03
+2.1205000E+00	+84.3017E-03
+2.1207500E+00	-76.5023E-03
+2.1210000E+00	-151.8792E-03
+2.1212500E+00	-151.8792E-03
+2.1215000E+00	-76.5023E-03
+2.1217500E+00	+3.8997E-03
+2.1220000E+00	-76.5023E-03
+2.1222500E+00	+3.8997E-03
+2.1225000E+00	-76.5023E-03
+2.1227500E+00	-76.5023E-03
+2.1230000E+00	-76.5023E-03
+2.1232500E+00	+3.8997E-03
+2.1235000E+00	+3.8997E-03
+2.1237500E+00	+84.3017E-03
+2.1240000E+00	+3.8997E-03
+2.1242500E+00	-76.5023E-03
+2.1245000E+00	-151.8792E-03
+2.1247500E+00	+3.8997E-03
+2.1250000E+00	-71.4772E-03
+2.1252500E+00	-76.5023E-03
+2.1255000E+00	-76.5023E-03
+2.1257500E+00	+3.8997E-03
+2.1260000E+00	-71.4772E-03
+2.1262500E+00	+84.3017E-03
+2.1265000E+00	-76.5023E-03
+2.1267500E+00	-76.5023E-03
+2.1270000E+00	-71.4772E-03
+2.1272500E+00	+3.8997E-03
+2.1275000E+00	-71.4772E-03
+2.1277500E+00	+3.8997E-03
+2.1280000E+00	+3.8997E-03
+2.1282500E+00	-76.5023E-03
+2.1285000E+00	+84.3017E-03
+2.1287500E+00	+3.8997E-03
+2.1290000E+00	+3.8997E-03
+2.1292500E+00	-71.4772E-03
+2.1295000E+00	+3.8997E-03
+2.1297500E+00	+3.8997E-03
+2.1300000E+00	-71.4772E-03
+2.1302500E+00	-151.8792E-03
+2.1305000E+00	+3.8997E-03
+2.1307500E+00	+84.3017E-03
+2.1310000E+00	-71.4772E-03
+2.1312500E+00	-76.5023E-03
+2.1315000E+00	-71.4772E-03
+2.1317500E+00	+3.8997E-03
+2.1320000E+00	+3.8997E-03
+2.1322500E+00	-76.5023E-03
+2.1325000E+00	-151.8792E-03
+2.1327500E+00	+3.8997E-03
+2.1330000E+00	-76.5023E-03
+2.1332500E+00	+3.8997E-03
+2.1335000E+00	-232.2812E-03
+2.1337500E+00	-71.4772E-03
+2.1340000E+00	+3.8997E-03
+2.1342500E+00	+8.9248E-03
+2.1345000E+00	-151.8792E-03
+2.1347500E+00	-156.9043E-03
+2.1350000E+00	-76.5023E-03
+2.1352500E+00	-76.5023E-03
+2.1355000E+00	+3.8997E-03
+2.1357500E+00	+3.8997E-03
+2.1360000E+00	-71.4772E-03
+2.1362500E+00	-71.4772E-03
+2.1365000E+00	-76.5023E-03
+2.1367500E+00	+84.3017E-03
+2.1370000E+00	-76.5023E-03
+2.1372500E+00	-71.4772E-03
+2.1375000E+00	+3.8997E-03
+2.1377500E+00	-71.4772E-03
+2.1380000E+00	+3.8997E-03
+2.1382500E+00	+3.8997E-03
+2.1385000E+00	-76.5023E-03
+2.1387500E+00	-76.5023E-03
+2.1390000E+00	+3.8997E-03
+2.1392500E+00	-151.8792E-03
+2.1395000E+00	-232.2812E-03
+2.1397500E+00	+3.8997E-03
+2.1400000E+00	-76.5023E-03
+2.1402500E+00	-151.8792E-03
+2.1405000E+00	-76.5023E-03
+2.1407500E+00	-71.4772E-03
+2.1410000E+00	+84.3017E-03
+2.1412500E+00	+3.8997E-03
+2.1415000E+00	+84.3017E-03
+2.1417500E+00	+3.8997E-03
+2.1420000E+00	-71.4772E-03
+2.1422500E+00	-71.4772E-03
+2.1425000E+00	+3.8997E-03
+2.1427500E+00	+3.8997E-03
+2.1430000E+00	-76.5023E-03
+2.1432500E+00	-71.4772E-03
+2.1435000E+00	-151.8792E-03
+2.1437500E+00	+3.8997E-03
+2.1440000E+00	+3.8997E-03
+2.1442500E+00	+3.8997E-03
+2.1445000E+00	-71.4772E-03
+2.1447500E+00	+3.8997E-03
+2.1450000E+00	+3.8997E-03
+2.1452500E+00	-71.4772E-03
+2.1455000E+00	-71.4772E-03
+2.1457500E+00	-76.5023E-03
+2.1460000E+00	-76.5023E-03
+2.1462500E+00	-76.5023E-03
+2.1465000E+00	-76.5023E-03
+2.1467500E+00	+3.8997E-03
+2.1470000E+00	-71.4772E-03
+2.1472500E+00	-71.4772E-03
+2.1475000E+00	-76.5023E-03
+2.1477500E+00	+3.8997E-03
+2.1480000E+00	-71.4772E-03
+2.1482500E+00	-76.5023E-03
+2.1485000E+00	+3.8997E-03
+2.1487500E+00	-76.5023E-03
+2.1490000E+00	+3.8997E-03
+2.1492500E+00	-71.4772E-03
+2.1495000E+00	-151.8792E-03
+2.1497500E+00	+3.8997E-03
+2.1500000E+00	+3.8997E-03
+2.1502500E+00	+84.3017E-03
+2.1505000E+00	-71.4772E-03
+2.1507500E+00	-71.4772E-03
+2.1510000E+00	+3.8997E-03
+2.1512500E+00	+3.8997E-03
+2.1515000E+00	-76.5023E-03
+2.1517500E+00	-76.5023E-03
+2.1520000E+00	+84.3017E-03
+2.1522500E+00	-71.4772E-03
+2.1525000E+00	+84.3017E-03
+2.1527500E+00	+3.8997E-03
+2.1530000E+00	+84.3017E-03
+2.1532500E+00	-76.5023E-03
+2.1535000E+00	+3.8997E-03
+2.1537500E+00	-71.4772E-03
+2.1540000E+00	-76.5023E-03
+2.1542500E+00	-76.5023E-03
+2.1545000E+00	-71.4772E-03
+2.1547500E+00	+3.8997E-03
+2.1550000E+00	-71.4772E-03
+2.1552500E+00	+84.3017E-03
+2.1555000E+00	+3.8997E-03
+2.1557500E+00	-76.5023E-03
+2.1560000E+00	+3.8997E-03
+2.1562500E+00	+3.8997E-03
+2.1565000E+00	-71.4772E-03
+2.1567500E+00	-151.8792E-03
+2.1570000E+00	+3.8997E-03
+2.1572500E+00	-71.4772E-03
+2.1575000E+00	+3.8997E-03
+2.1577500E+00	+3.8997E-03
+2.1580000E+00	-76.5023E-03
+2.1582500E+00	+3.8997E-03
+2.1585000E+00	+84.3017E-03
+2.1587500E+00	+3.8997E-03
+2.1590000E+00	-76.5023E-03
+2.1592500E+00	+3.8997E-03
+2.1595000E+00	+3.8997E-03
+2.1597500E+00	-76.5023E-03
+2.1600000E+00	+84.3017E-03
+2.1602500E+00	-156.9043E-03
+2.1605000E+00	-76.5023E-03
+2.1607500E+00	+8.9248E-03
+2.1610000E+00	+3.8997E-03
+2.1612500E+00	-76.5023E-03
+2.1615000E+00	-76.5023E-03
+2.1617500E+00	-71.4772E-03
+2.1620000E+00	-76.5023E-03
+2.1622500E+00	-151.8792E-03
+2.1625000E+00	-71.4772E-03
+2.1627500E+00	+3.8997E-03
+2.1630000E+00	-71.4772E-03
+2.1632500E+00	-76.5023E-03
+2.1635000E+00	-71.4772E-03
+2.1637500E+00	+3.8997E-03
+2.1640000E+00	-76.5023E-03
+2.1642500E+00	-71.4772E-03
+2.1645000E+00	+3.8997E-03
+2.1647500E+00	+3.8997E-03
+2.1650000E+00	-71.4772E-03
+2.1652500E+00	-156.9043E-03
+2.1655000E+00	-71.4772E-03
+2.1657500E+00	+3.8997E-03
+2.1660000E+00	+3.8997E-03
+2.1662500E+00	+3.8997E-03
+2.1665000E+00	-71.4772E-03
+2.1667500E+00	+3.8997E-03
+2.1670000E+00	-76.5023E-03
+2.1672500E+00	+84.3017E-03
+2.1675000E+00	-151.8792E-03
+2.1677500E+00	-71.4772E-03
+2.1680000E+00	-71.4772E-03
+2.1682500E+00	-71.4772E-03
+2.1685000E+00	-71.4772E-03
+2.1687500E+00	+3.8997E-03
+2.1690000E+00	-76.5023E-03
+2.1692500E+00	-76.5023E-03
+2.1695000E+00	+3.8997E-03
+2.1697500E+00	+3.8997E-03
+2.1700000E+00	-71.4772E-03
+2.1702500E+00	-76.5023E-03
+2.1705000E+00	+3.8997E-03
+2.1707500E+00	-71.4772E-03
+2.1710000E+00	-71.4772E-03
+2.1712500E+00	-71.4772E-03
+2.1715000E+00	-76.5023E-03
+2.1717500E+00	-71.4772E-03
+2.1720000E+00	+3.8997E-03
+2.1722500E+00	-76.5023E-03
+2.1725000E+00	+8.9248E-03
+2.1727500E+00	+3.8997E-03
+2.1730000E+00	-156.9043E-03
+2.1732500E+00	-151.8792E-03
+2.1735000E+00	-71.4772E-03
+2.1737500E+00	-76.5023E-03
+2.1740000E+00	-76.5023E-03
+2.1742500E+00	-76.5023E-03
+2.1745000E+00	+3.8997E-03
+2.1747500E+00	-76.5023E-03
+2.1750000E+00	+3.8997E-03
+2.1752500E+00	-151.8792E-03
+2.1755000E+00	-76.5023E-03
+2.1757500E+00	-76.5023E-03
+2.1760000E+00	-76.5023E-03
+2.1762500E+00	-76.5023E-03
+2.1765000E+00	-76.5023E-03
+2.1767500E+00	+3.8997E-03
+2.1770000E+00	-76.5023E-03
+2.1772500E+00	+3.8997E-03
+2.1775000E+00	+3.8997E-03
+2.1777500E+00	+3.8997E-03
+2.1780000E+00	-76.5023E-03
+2.1782500E+00	-151.8792E-03
+2.1785000E+00	+3.8997E-03
+2.1787500E+00	-151.8792E-03
+2.1790000E+00	-76.5023E-03
+2.1792500E+00	-76.5023E-03
+2.1795000E+00	+3.8997E-03
+2.1797500E+00	-71.4772E-03
+2.1800000E+00	-76.5023E-03
+2.1802500E+00	+3.8997E-03
+2.1805000E+00	+84.3017E-03
+2.1807500E+00	+3.8997E-03
+2.1810000E+00	+8.9248E-03
+2.1812500E+00	+3.8997E-03
+2.1815000E+00	-71.4772E-03
+2.1817500E+00	+84.3017E-03
+2.1820000E+00	+3.8997E-03
+2.1822500E+00	+3.8997E-03
+2.1825000E+00	+3.8997E-03
+2.1827500E+00	+3.8997E-03
+2.1830000E+00	+3.8997E-03
+2.1832500E+00	+3.8997E-03
+2.1835000E+00	+8.9248E-03
+2.1837500E+00	+3.8997E-03
+2.1840000E+00	+84.3017E-03
+2.1842500E+00	+3.8997E-03
+2.1845000E+00	+8.9248E-03
+2.1847500E+00	+3.8997E-03
+2.1850000E+00	-76.5023E-03
+2.1852500E+00	+3.8997E-03
+2.1855000E+00	-76.5023E-03
+2.1857500E+00	+8.9248E-03
+2.1860000E+00	+3.8997E-03
+2.1862500E+00	-151.8792E-03
+2.1865000E+00	+3.8997E-03
+2.1867500E+00	+3.8997E-03
+2.1870000E+00	+3.8997E-03
+2.1872500E+00	+3.8997E-03
+2.1875000E+00	-76.5023E-03
+2.1877500E+00	+3.8997E-03
+2.1880000E+00	+8.9248E-03
+2.1882500E+00	-151.8792E-03
+2.1885000E+00	-156.9043E-03
+2.1887500E+00	-71.4772E-03
+2.1890000E+00	-151.8792E-03
+2.1892500E+00	-76.5023E-03
+2.1895000E+00	+3.8997E-03
+2.1897500E+00	+3.8997E-03
+2.1900000E+00	+8.9248E-03
+2.1902500E+00	-151.8792E-03
+2.1905000E+00	+84.3017E-03
+2.1907500E+00	-76.5023E-03
+2.1910000E+00	+3.8997E-03
+2.1912500E+00	-76.5023E-03
+2.1915000E+00	-151.8792E-03
+2.1917500E+00	+84.3017E-03
+2.1920000E+00	-151.8792E-03
+2.1922500E+00	-76.5023E-03
+2.1925000E+00	+84.3017E-03
+2.1927500E+00	+3.8997E-03
+2.1930000E+00	+84.3017E-03
+2.1932500E+00	-151.8792E-03
+2.1935000E+00	-151.8792E-03
+2.1937500E+00	+3.8997E-03
+2.1940000E+00	+3.8997E-03
+2.1942500E+00	-76.5023E-03
+2.1945000E+00	+3.8997E-03
+2.1947500E+00	-76.5023E-03
+2.1950000E+00	+3.8997E-03
+2.1952500E+00	+84.3017E-03
+2.1955000E+00	+3.8997E-03
+2.1957500E+00	-71.4772E-03
+2.1960000E+00	+84.3017E-03
+2.1962500E+00	-76.5023E-03
+2.1965000E+00	+3.8997E-03
+2.1967500E+00	-76.5023E-03
+2.1970000E+00	-76.5023E-03
+2.1972500E+00	-76.5023E-03
+2.1975000E+00	+3.8997E-03
+2.1977500E+00	+3.8997E-03
+2.1980000E+00	-76.5023E-03
+2.1982500E+00	+3.8997E-03
+2.1985000E+00	-151.8792E-03
+2.1987500E+00	-151.8792E-03
+2.1990000E+00	+3.8997E-03
+2.1992500E+00	+3.8997E-03
+2.1995000E+00	+3.8997E-03
+2.1997500E+00	-71.4772E-03
+2.2000000E+00	+3.8997E-03
+2.2002500E+00	-76.5023E-03
+2.2005000E+00	-76.5023E-03
+2.2007500E+00	+3.8997E-03
+2.2010000E+00	-76.5023E-03
+2.2012500E+00	-76.5023E-03
+2.2015000E+00	-151.8792E-03
+2.2017500E+00	-71.4772E-03
+2.2020000E+00	+3.8997E-03
+2.2022500E+00	+3.8997E-03
+2.2025000E+00	-76.5023E-03
+2.2027500E+00	-71.4772E-03
+2.2030000E+00	+3.8997E-03
+2.2032500E+00	+3.8997E-03
+2.2035000E+00	-76.5023E-03
+2.2037500E+00	+3.8997E-03
+2.2040000E+00	+84.3017E-03
+2.2042500E+00	+3.8997E-03
+2.2045000E+00	+3.8997E-03
+2.2047500E+00	-71.4772E-03
+2.2050000E+00	-76.5023E-03
+2.2052500E+00	+84.3017E-03
+2.2055000E+00	-76.5023E-03
+2.2057500E+00	+3.8997E-03
+2.2060000E+00	+3.8997E-03
+2.2062500E+00	+3.8997E-03
+2.2065000E+00	+3.8997E-03
+2.2067500E+00	+3.8997E-03
+2.2070000E+00	-76.5023E-03
+2.2072500E+00	+84.3017E-03
+2.2075000E+00	-71.4772E-03
+2.2077500E+00	+3.8997E-03
+2.2080000E+00	-71.4772E-03
+2.2082500E+00	-76.5023E-03
+2.2085000E+00	-76.5023E-03
+2.2087500E+00	-76.5023E-03
+2.2090000E+00	+3.8997E-03
+2.2092500E+00	+3.8997E-03
+2.2095000E+00	-151.8792E-03
+2.2097500E+00	-151.8792E-03
+2.2100000E+00	-76.5023E-03
+2.2102500E+00	+8.9248E-03
+2.2105000E+00	+3.8997E-03
+2.2107500E+00	-71.4772E-03
+2.2110000E+00	+3.8997E-03
+2.2112500E+00	-71.4772E-03
+2.2115000E+00	+8.9248E-03
+2.2117500E+00	+3.8997E-03
+2.2120000E+00	-76.5023E-03
+2.2122500E+00	-71.4772E-03
+2.2125000E+00	-71.4772E-03
+2.2127500E+00	+3.8997E-03
+2.2130000E+00	-76.5023E-03
+2.2132500E+00	-76.5023E-03
+2.2135000E+00	+3.8997E-03
+2.2137500E+00	-71.4772E-03
+2.2140000E+00	+3.8997E-03
+2.2142500E+00	-76.5023E-03
+2.2145000E+00	-76.5023E-03
+2.2147500E+00	-76.5023E-03
+2.2150000E+00	+3.8997E-03
+2.2152500E+00	-76.5023E-03
+2.2155000E+00	-76.5023E-03
+2.2157500E+00	-76.5023E-03
+2.2160000E+00	-71.4772E-03
+2.2162500E+00	+3.8997E-03
+2.2165000E+00	-71.4772E-03
+2.2167500E+00	-151.8792E-03
+2.2170000E+00	-151.8792E-03
+2.2172500E+00	+3.8997E-03
+2.2175000E+00	+3.8997E-03
+2.2177500E+00	-71.4772E-03
+2.2180000E+00	-71.4772E-03
+2.2182500E+00	+3.8997E-03
+2.2185000E+00	+3.8997E-03
+2.2187500E+00	-76.5023E-03
+2.2190000E+00	-71.4772E-03
+2.2192500E+00	-71.4772E-03
+2.2195000E+00	+3.8997E-03
+2.2197500E+00	+3.8997E-03
+2.2200000E+00	+3.8997E-03
+2.2202500E+00	+3.8997E-03
+2.2205000E+00	-71.4772E-03
+2.2207500E+00	+3.8997E-03
+2.2210000E+00	-151.8792E-03
+2.2212500E+00	+84.3017E-03
+2.2215000E+00	+3.8997E-03
+2.2217500E+00	-151.8792E-03
+2.2220000E+00	+3.8997E-03
+2.2222500E+00	-71.4772E-03
+2.2225000E+00	+3.8997E-03
+2.2227500E+00	+3.8997E-03
+2.2230000E+00	-71.4772E-03
+2.2232500E+00	-76.5023E-03
+2.2235000E+00	-71.4772E-03
+2.2237500E+00	-76.5023E-03
+2.2240000E+00	+3.8997E-03
+2.2242500E+00	+3.8997E-03
+2.2245000E+00	-156.9043E-03
+2.2247500E+00	+3.8997E-03
+2.2250000E+00	-151.8792E-03
+2.2252500E+00	-71.4772E-03
+2.2255000E+00	+3.8997E-03
+2.2257500E+00	-76.5023E-03
+2.2260000E+00	-156.9043E-03
+2.2262500E+00	+3.8997E-03
+2.2265000E+00	-76.5023E-03
+2.2267500E+00	-71.4772E-03
+2.2270000E+00	+3.8997E-03
+2.2272500E+00	-71.4772E-03
+2.2275000E+00	-71.4772E-03
+2.2277500E+00	+3.8997E-03
+2.2280000E+00	-76.5023E-03
+2.2282500E+00	+3.8997E-03
+2.2285000E+00	-71.4772E-03
+2.2287500E+00	-76.5023E-03
+2.2290000E+00	-71.4772E-03
+2.2292500E+00	-76.5023E-03
+2.2295000E+00	-71.4772E-03
+2.2297500E+00	+3.8997E-03
+2.2300000E+00	+3.8997E-03
+2.2302500E+00	+3.8997E-03
+2.2305000E+00	+84.3017E-03
+2.2307500E+00	+3.8997E-03
+2.2310000E+00	-76.5023E-03
+2.2312500E+00	+3.8997E-03
+2.2315000E+00	+84.3017E-03
+2.2317500E+00	-76.5023E-03
+2.2320000E+00	-71.4772E-03
+2.2322500E+00	-71.4772E-03
+2.2325000E+00	+3.8997E-03
+2.2327500E+00	-71.4772E-03
+2.2330000E+00	-76.5023E-03
+2.2332500E+00	+8.9248E-03
+2.2335000E+00	-76.5023E-03
+2.2337500E+00	-76.5023E-03
+2.2340000E+00	-71.4772E-03
+2.2342500E+00	+3.8997E-03
+2.2345000E+00	+8.9248E-03
+2.2347500E+00	+3.8997E-03
+2.2350000E+00	-71.4772E-03
+2.2352500E+00	+84.3017E-03
+2.2355000E+00	-76.5023E-03
+2.2357500E+00	-71.4772E-03
+2.2360000E+00	+8.9248E-03
+2.2362500E+00	+3.8997E-03
+2.2365000E+00	+3.8997E-03
+2.2367500E+00	+3.8997E-03
+2.2370000E+00	-76.5023E-03
+2.2372500E+00	+3.8997E-03
+2.2375000E+00	-76.5023E-03
+2.2377500E+00	-71.4772E-03
+2.2380000E+00	-76.5023E-03
+2.2382500E+00	+3.8997E-03
+2.2385000E+00	-71.4772E-03
+2.2387500E+00	+84.3017E-03
+2.2390000E+00	-76.5023E-03
+2.2392500E+00	-76.5023E-03
+2.2395000E+00	-71.4772E-03
+2.2397500E+00	+84.3017E-03
+2.2400000E+00	+3.8997E-03
+2.2402500E+00	+84.3017E-03
+2.2405000E+00	-71.4772E-03
+2.2407500E+00	+3.8997E-03
+2.2410000E+00	+3.8997E-03
+2.2412500E+00	+8.9248E-03
+2.2415000E+00	-76.5023E-03
+2.2417500E+00	-71.4772E-03
+2.2420000E+00	-76.5023E-03
+2.2422500E+00	+84.3017E-03
+2.2425000E+00	-71.4772E-03
+2.2427500E+00	-71.4772E-03
+2.2430000E+00	+84.3017E-03
+2.2432500E+00	-76.5023E-03
+2.2435000E+00	-71.4772E-03
+2.2437500E+00	-71.4772E-03
+2.2440000E+00	-76.5023E-03
+2.2442500E+00	+3.8997E-03
+2.2445000E+00	-71.4772E-03
+2.2447500E+00	+8.9248E-03
+2.2450000E+00	-71.4772E-03
+2.2452500E+00	+3.8997E-03
+2.2455000E+00	-71.4772E-03
+2.2457500E+00	-71.4772E-03
+2.2460000E+00	+3.8997E-03
+2.2462500E+00	+3.8997E-03
+2.2465000E+00	-71.4772E-03
+2.2467500E+00	-76.5023E-03
+2.2470000E+00	-71.4772E-03
+2.2472500E+00	-76.5023E-03
+2.2475000E+00	+3.8997E-03
+2.2477500E+00	+3.8997E-03
+2.2480000E+00	+3.8997E-03
+2.2482500E+00	+3.8997E-03
+2.2485000E+00	+3.8997E-03
+2.2487500E+00	+3.8997E-03
+2.2490000E+00	+3.8997E-03
+2.2492500E+00	-151.8792E-03
+2.2495000E+00	+3.8997E-03
+2.2497500E+00	+3.8997E-03
+2.2500000E+00	-76.5023E-03
+2.2502500E+00	+3.8997E-03
+2.2505000E+00	+3.8997E-03
+2.2507500E+00	-76.5023E-03
+2.2510000E+00	+3.8997E-03
+2.2512500E+00	+3.8997E-03
+2.2515000E+00	-76.5023E-03
+2.2517500E+00	-76.5023E-03
+2.2520000E+00	+3.8997E-03
+2.2522500E+00	-71.4772E-03
+2.2525000E+00	-76.5023E-03
+2.2527500E+00	-71.4772E-03
+2.2530000E+00	+3.8997E-03
+2.2532500E+00	+84.3017E-03
+2.2535000E+00	-76.5023E-03
+2.2537500E+00	+3.8997E-03
+2.2540000E+00	-76.5023E-03
+2.2542500E+00	-76.5023E-03
+2.2545000E+00	+84.3017E-03
+2.2547500E+00	-71.4772E-03
+2.2550000E+00	+3.8997E-03
+2.2552500E+00	-71.4772E-03
+2.2555000E+00	+3.8997E-03
+2.2557500E+00	-71.4772E-03
+2.2560000E+00	+8.9248E-03
+2.2562500E+00	+3.8997E-03
+2.2565000E+00	+3.8997E-03
+2.2567500E+00	-71.4772E-03
+2.2570000E+00	-76.5023E-03
+2.2572500E+00	+3.8997E-03
+2.2575000E+00	+164.7037E-03
+2.2577500E+00	-76.5023E-03
+2.2580000E+00	+3.8997E-03
+2.2582500E+00	-71.4772E-03
+2.2585000E+00	-71.4772E-03
+2.2587500E+00	+3.8997E-03
+2.2590000E+00	-71.4772E-03
+2.2592500E+00	-71.4772E-03
+2.2595000E+00	-71.4772E-03
+2.2597500E+00	-76.5023E-03
+2.2600000E+00	-151.8792E-03
+2.2602500E+00	-76.5023E-03
+2.2605000E+00	+3.8997E-03
+2.2607500E+00	-71.4772E-03
+2.2610000E+00	-71.4772E-03
+2.2612500E+00	+3.8997E-03
+2.2615000E+00	+84.3017E-03
+2.2617500E+00	+3.8997E-03
+2.2620000E+00	+8.9248E-03
+2.2622500E+00	+8.9248E-03
+2.2625000E+00	+3.8997E-03
+2.2627500E+00	+8.9248E-03
+2.2630000E+00	+8.9248E-03
+2.2632500E+00	-71.4772E-03
+2.2635000E+00	+3.8997E-03
+2.2637500E+00	+84.3017E-03
+2.2640000E+00	-71.4772E-03
+2.2642500E+00	+84.3017E-03
+2.2645000E+00	+84.3017E-03
+2.2647500E+00	-76.5023E-03
+2.2650000E+00	+84.3017E-03
+2.2652500E+00	+8.9248E-03
+2.2655000E+00	+3.8997E-03
+2.2657500E+00	+3.8997E-03
+2.2660000E+00	+84.3017E-03
+2.2662500E+00	+8.9248E-03
+2.2665000E+00	+3.8997E-03
+2.2667500E+00	+84.3017E-03
+2.2670000E+00	+164.7037E-03
+2.2672500E+00	+405.9098E-03
+2.2675000E+00	+1.0541510E+00
+2.2677500E+00	+2.0943519E+00
+2.2680000E+00	+3.3807841E+00
+2.2682500E+00	+3.9486233E+00
+2.2685000E+00	+4.1848042E+00
+2.2687500E+00	+4.4260102E+00
+2.2690000E+00	+4.6672162E+00
+2.2692500E+00	+4.8229951E+00
+2.2695000E+00	+4.7476183E+00
+2.2697500E+00	+4.5868142E+00
+2.2700000E+00	+4.5064122E+00
+2.2702500E+00	+4.5064122E+00
+2.2705000E+00	+2.7375680E+00
+2.2707500E+00	+1.0491258E+00
+2.2710000E+00	+405.9098E-03
+2.2712500E+00	+245.1057E-03
+2.2715000E+00	+3.8997E-03
+2.2717500E+00	+8.9248E-03
+2.2720000E+00	+3.8997E-03
+2.2722500E+00	+3.8997E-03
+2.2725000E+00	-76.5023E-03
+2.2727500E+00	+3.8997E-03
+2.2730000E+00	-71.4772E-03
+2.2732500E+00	+84.3017E-03
+2.2735000E+00	+3.8997E-03
+2.2737500E+00	+3.8997E-03
+2.2740000E+00	+3.8997E-03
+2.2742500E+00	-76.5023E-03
+2.2745000E+00	+3.8997E-03
+2.2747500E+00	+3.8997E-03
+2.2750000E+00	-71.4772E-03
+2.2752500E+00	+3.8997E-03
+2.2755000E+00	+3.8997E-03
+2.2757500E+00	+3.8997E-03
+2.2760000E+00	-151.8792E-03
+2.2762500E+00	+84.3017E-03
+2.2765000E+00	-76.5023E-03
+2.2767500E+00	+3.8997E-03
+2.2770000E+00	+84.3017E-03
+2.2772500E+00	+3.8997E-03
+2.2775000E+00	-76.5023E-03
+2.2777500E+00	+3.8997E-03
+2.2780000E+00	+3.8997E-03
+2.2782500E+00	-71.4772E-03
+2.2785000E+00	-151.8792E-03
+2.2787500E+00	+3.8997E-03
+2.2790000E+00	-76.5023E-03
+2.2792500E+00	+3.8997E-03
+2.2795000E+00	-71.4772E-03
+2.2797500E+00	-76.5023E-03
+2.2800000E+00	-151.8792E-03
+2.2802500E+00	+3.8997E-03
+2.2805000E+00	-76.5023E-03
+2.2807500E+00	-71.4772E-03
+2.2810000E+00	-71.4772E-03
+2.2812500E+00	-76.5023E-03
+2.2815000E+00	+3.8997E-03
+2.2817500E+00	+3.8997E-03
+2.2820000E+00	+3.8997E-03
+2.2822500E+00	-71.4772E-03
+2.2825000E+00	-71.4772E-03
+2.2827500E+00	+84.3017E-03
+2.2830000E+00	-71.4772E-03
+2.2832500E+00	+3.8997E-03
+2.2835000E+00	-76.5023E-03
+2.2837500E+00	-76.5023E-03
+2.2840000E+00	-76.5023E-03
+2.2842500E+00	-71.4772E-03
+2.2845000E+00	+3.8997E-03
+2.2847500E+00	-76.5023E-03
+2.2850000E+00	-71.4772E-03
+2.2852500E+00	-71.4772E-03
+2.2855000E+00	-71.4772E-03
+2.2857500E+00	-71.4772E-03
+2.2860000E+00	+84.3017E-03
+2.2862500E+00	-71.4772E-03
+2.2865000E+00	-76.5023E-03
+2.2867500E+00	-71.4772E-03
+2.2870000E+00	+3.8997E-03
+2.2872500E+00	+3.8997E-03
+2.2875000E+00	-76.5023E-03
+2.2877500E+00	-76.5023E-03
+2.2880000E+00	+84.3017E-03
+2.2882500E+00	+3.8997E-03
+2.2885000E+00	-76.5023E-03
+2.2887500E+00	-76.5023E-03
+2.2890000E+00	-151.8792E-03
+2.2892500E+00	-151.8792E-03
+2.2895000E+00	+8.9248E-03
+2.2897500E+00	-76.5023E-03
+2.2900000E+00	-71.4772E-03
+2.2902500E+00	+3.8997E-03
+2.2905000E+00	+3.8997E-03
+2.2907500E+00	+3.8997E-03
+2.2910000E+00	+3.8997E-03
+2.2912500E+00	-71.4772E-03
+2.2915000E+00	-76.5023E-03
+2.2917500E+00	-76.5023E-03
+2.2920000E+00	-71.4772E-03
+2.2922500E+00	+3.8997E-03
+2.2925000E+00	-76.5023E-03
+2.2927500E+00	-151.8792E-03
+2.2930000E+00	+84.3017E-03
+2.2932500E+00	+3.8997E-03
+2.2935000E+00	-71.4772E-03
+2.2937500E+00	-71.4772E-03
+2.2940000E+00	-71.4772E-03
+2.2942500E+00	+3.8997E-03
+2.2945000E+00	+3.8997E-03
+2.2947500E+00	+3.8997E-03
+2.2950000E+00	-76.5023E-03
+2.2952500E+00	+3.8997E-03
+2.2955000E+00	-71.4772E-03
+2.2957500E+00	+3.8997E-03
+2.2960000E+00	-76.5023E-03
+2.2962500E+00	+164.7037E-03
+2.2965000E+00	+3.8997E-03
+2.2967500E+00	-71.4772E-03
+2.2970000E+00	-151.8792E-03
+2.2972500E+00	-76.5023E-03
+2.2975000E+00	+3.8997E-03
+2.2977500E+00	-76.5023E-03
+2.2980000E+00	-76.5023E-03
+2.2982500E+00	-76.5023E-03
+2.2985000E+00	-76.5023E-03
+2.2987500E+00	-76.5023E-03
+2.2990000E+00	+3.8997E-03
+2.2992500E+00	-71.4772E-03
+2.2995000E+00	+84.3017E-03
+2.2997500E+00	-76.5023E-03
+2.3000000E+00	-151.8792E-03
+2.3002500E+00	-76.5023E-03
+2.3005000E+00	+3.8997E-03
+2.3007500E+00	-71.4772E-03
+2.3010000E+00	+3.8997E-03
+2.3012500E+00	-76.5023E-03
+2.3015000E+00	+164.7037E-03
+2.3017500E+00	-151.8792E-03
+2.3020000E+00	-76.5023E-03
+2.3022500E+00	+3.8997E-03
+2.3025000E+00	-151.8792E-03
+2.3027500E+00	+3.8997E-03
+2.3030000E+00	+3.8997E-03
+2.3032500E+00	+3.8997E-03
+2.3035000E+00	+3.8997E-03
+2.3037500E+00	+3.8997E-03
+2.3040000E+00	+3.8997E-03
+2.3042500E+00	-151.8792E-03
+2.3045000E+00	+3.8997E-03
+2.3047500E+00	+3.8997E-03
+2.3050000E+00	+3.8997E-03
+2.3052500E+00	-71.4772E-03
+2.3055000E+00	-76.5023E-03
+2.3057500E+00	+3.8997E-03
+2.3060000E+00	+8.9248E-03
+2.3062500E+00	+3.8997E-03
+2.3065000E+00	+3.8997E-03
+2.3067500E+00	-71.4772E-03
+2.3070000E+00	-156.9043E-03
+2.3072500E+00	-71.4772E-03
+2.3075000E+00	+3.8997E-03
+2.3077500E+00	+3.8997E-03
+2.3080000E+00	+3.8997E-03
+2.3082500E+00	-71.4772E-03
+2.3085000E+00	+84.3017E-03
+2.3087500E+00	-71.4772E-03
+2.3090000E+00	-76.5023E-03
+2.3092500E+00	-76.5023E-03
+2.3095000E+00	+3.8997E-03
+2.3097500E+00	+3.8997E-03
+2.3100000E+00	-76.5023E-03
+2.3102500E+00	+3.8997E-03
+2.3105000E+00	+3.8997E-03
+2.3107500E+00	+3.8997E-03
+2.3110000E+00	-71.4772E-03
+2.3112500E+00	+3.8997E-03
+2.3115000E+00	+3.8997E-03
+2.3117500E+00	-71.4772E-03
+2.3120000E+00	-76.5023E-03
+2.3122500E+00	-76.5023E-03
+2.3125000E+00	+3.8997E-03
+2.3127500E+00	-76.5023E-03
+2.3130000E+00	+3.8997E-03
+2.3132500E+00	+3.8997E-03
+2.3135000E+00	-76.5023E-03
+2.3137500E+00	-76.5023E-03
+2.3140000E+00	-71.4772E-03
+2.3142500E+00	+84.3017E-03
+2.3145000E+00	+3.8997E-03
+2.3147500E+00	-71.4772E-03
+2.3150000E+00	+3.8997E-03
+2.3152500E+00	+3.8997E-03
+2.3155000E+00	-71.4772E-03
+2.3157500E+00	-76.5023E-03
+2.3160000E+00	-76.5023E-03
+2.3162500E+00	-71.4772E-03
+2.3165000E+00	-71.4772E-03
+2.3167500E+00	-71.4772E-03
+2.3170000E+00	-71.4772E-03
+2.3172500E+00	-76.5023E-03
+2.3175000E+00	-151.8792E-03
+2.3177500E+00	-76.5023E-03
+2.3180000E+00	-71.4772E-03
+2.3182500E+00	-76.5023E-03
+2.3185000E+00	+3.8997E-03
+2.3187500E+00	-71.4772E-03
+2.3190000E+00	-71.4772E-03
+2.3192500E+00	-151.8792E-03
+2.3195000E+00	-76.5023E-03
+2.3197500E+00	+3.8997E-03
+2.3200000E+00	+3.8997E-03
+2.3202500E+00	-76.5023E-03
+2.3205000E+00	+3.8997E-03
+2.3207500E+00	+3.8997E-03
+2.3210000E+00	+3.8997E-03
+2.3212500E+00	-151.8792E-03
+2.3215000E+00	+3.8997E-03
+2.3217500E+00	-76.5023E-03
+2.3220000E+00	-71.4772E-03
+2.3222500E+00	+3.8997E-03
+2.3225000E+00	+3.8997E-03
+2.3227500E+00	-76.5023E-03
+2.3230000E+00	+3.8997E-03
+2.3232500E+00	+3.8997E-03
+2.3235000E+00	-151.8792E-03
+2.3237500E+00	-76.5023E-03
+2.3240000E+00	+3.8997E-03
+2.3242500E+00	+84.3017E-03
+2.3245000E+00	-76.5023E-03
+2.3247500E+00	-71.4772E-03
+2.3250000E+00	+3.8997E-03
+2.3252500E+00	-71.4772E-03
+2.3255000E+00	+3.8997E-03
+2.3257500E+00	-76.5023E-03
+2.3260000E+00	+3.8997E-03
+2.3262500E+00	-71.4772E-03
+2.3265000E+00	+3.8997E-03
+2.3267500E+00	+3.8997E-03
+2.3270000E+00	+3.8997E-03
+2.3272500E+00	+3.8997E-03
+2.3275000E+00	+3.8997E-03
+2.3277500E+00	+3.8997E-03
+2.3280000E+00	-76.5023E-03
+2.3282500E+00	-76.5023E-03
+2.3285000E+00	-76.5023E-03
+2.3287500E+00	-156.9043E-03
+2.3290000E+00	+3.8997E-03
+2.3292500E+00	+3.8997E-03
+2.3295000E+00	-232.2812E-03
+2.3297500E+00	+3.8997E-03
+2.3300000E+00	-71.4772E-03
+2.3302500E+00	+3.8997E-03
+2.3305000E+00	+3.8997E-03
+2.3307500E+00	-76.5023E-03
+2.3310000E+00	+3.8997E-03
+2.3312500E+00	-76.5023E-03
+2.3315000E+00	+3.8997E-03
+2.3317500E+00	-71.4772E-03
+2.3320000E+00	+3.8997E-03
+2.3322500E+00	-76.5023E-03
+2.3325000E+00	+3.8997E-03
+2.3327500E+00	-76.5023E-03
+2.3330000E+00	-71.4772E-03
+2.3332500E+00	-71.4772E-03
+2.3335000E+00	-76.5023E-03
+2.3337500E+00	-76.5023E-03
+2.3340000E+00	-151.8792E-03
+2.3342500E+00	+3.8997E-03
+2.3345000E+00	+84.3017E-03
+2.3347500E+00	-151.8792E-03
+2.3350000E+00	-232.2812E-03
+2.3352500E+00	-76.5023E-03
+2.3355000E+00	+3.8997E-03
+2.3357500E+00	-76.5023E-03
+2.3360000E+00	+3.8997E-03
+2.3362500E+00	-76.5023E-03
+2.3365000E+00	+3.8997E-03
+2.3367500E+00	-76.5023E-03
+2.3370000E+00	+84.3017E-03
+2.3372500E+00	-71.4772E-03
+2.3375000E+00	-76.5023E-03
+2.3377500E+00	+84.3017E-03
+2.3380000E+00	-71.4772E-03
+2.3382500E+00	-71.4772E-03
+2.3385000E+00	+3.8997E-03
+2.3387500E+00	+3.8997E-03
+2.3390000E+00	-76.5023E-03
+2.3392500E+00	+3.8997E-03
+2.3395000E+00	+3.8997E-03
+2.3397500E+00	+3.8997E-03
+2.3400000E+00	-76.5023E-03
+2.3402500E+00	-151.8792E-03
+2.3405000E+00	-71.4772E-03
+2.3407500E+00	-71.4772E-03
+2.3410000E+00	-71.4772E-03
+2.3412500E+00	+84.3017E-03
+2.3415000E+00	-76.5023E-03
+2.3417500E+00	-76.5023E-03
+2.3420000E+00	-76.5023E-03
+2.3422500E+00	-71.4772E-03
+2.3425000E+00	-76.5023E-03
+2.3427500E+00	-151.8792E-03
+2.3430000E+00	-71.4772E-03
+2.3432500E+00	+3.8997E-03
+2.3435000E+00	-71.4772E-03
+2.3437500E+00	+3.8997E-03
+2.3440000E+00	+8.9248E-03
+2.3442500E+00	+3.8997E-03
+2.3445000E+00	-76.5023E-03
+2.3447500E+00	-156.9043E-03
+2.3450000E+00	+3.8997E-03
+2.3452500E+00	-76.5023E-03
+2.3455000E+00	+3.8997E-03
+2.3457500E+00	+3.8997E-03
+2.3460000E+00	+3.8997E-03
+2.3462500E+00	-76.5023E-03
+2.3465000E+00	-76.5023E-03
+2.3467500E+00	-76.5023E-03
+2.3470000E+00	-76.5023E-03
+2.3472500E+00	+84.3017E-03
+2.3475000E+00	-76.5023E-03
+2.3477500E+00	-76.5023E-03
+2.3480000E+00	-71.4772E-03
+2.3482500E+00	+84.3017E-03
+2.3485000E+00	+3.8997E-03
+2.3487500E+00	+84.3017E-03
+2.3490000E+00	-71.4772E-03
+2.3492500E+00	+3.8997E-03
+2.3495000E+00	+3.8997E-03
+2.3497500E+00	-151.8792E-03
+2.3500000E+00	-151.8792E-03
+2.3502500E+00	+3.8997E-03
+2.3505000E+00	-76.5023E-03
+2.3507500E+00	+3.8997E-03
+2.3510000E+00	-71.4772E-03
+2.3512500E+00	+3.8997E-03
+2.3515000E+00	-151.8792E-03
+2.3517500E+00	+3.8997E-03
+2.3520000E+00	-76.5023E-03
+2.3522500E+00	+3.8997E-03
+2.3525000E+00	+3.8997E-03
+2.3527500E+00	-76.5023E-03
+2.3530000E+00	+3.8997E-03
+2.3532500E+00	-76.5023E-03
+2.3535000E+00	-71.4772E-03
+2.3537500E+00	+3.8997E-03
+2.3540000E+00	+3.8997E-03
+2.3542500E+00	+3.8997E-03
+2.3545000E+00	+8.9248E-03
+2.3547500E+00	-71.4772E-03
+2.3550000E+00	+3.8997E-03
+2.3552500E+00	+3.8997E-03
+2.3555000E+00	+84.3017E-03
+2.3557500E+00	-71.4772E-03
+2.3560000E+00	-71.4772E-03
+2.3562500E+00	-71.4772E-03
+2.3565000E+00	+3.8997E-03
+2.3567500E+00	+3.8997E-03
+2.3570000E+00	+3.8997E-03
+2.3572500E+00	+3.8997E-03
+2.3575000E+00	-76.5023E-03
+2.3577500E+00	-71.4772E-03
+2.3580000E+00	+3.8997E-03
+2.3582500E+00	+3.8997E-03
+2.3585000E+00	+3.8997E-03
+2.3587500E+00	-71.4772E-03
+2.3590000E+00	-76.5023E-03
+2.3592500E+00	+3.8997E-03
+2.3595000E+00	+3.8997E-03
+2.3597500E+00	-151.8792E-03
+2.3600000E+00	-71.4772E-03
+2.3602500E+00	-76.5023E-03
+2.3605000E+00	-71.4772E-03
+2.3607500E+00	+3.8997E-03
+2.3610000E+00	+3.8997E-03
+2.3612500E+00	-151.8792E-03
+2.3615000E+00	+84.3017E-03
+2.3617500E+00	-76.5023E-03
+2.3620000E+00	-151.8792E-03
+2.3622500E+00	+3.8997E-03
+2.3625000E+00	-71.4772E-03
+2.3627500E+00	-151.8792E-03
+2.3630000E+00	-71.4772E-03
+2.3632500E+00	-71.4772E-03
+2.3635000E+00	-76.5023E-03
+2.3637500E+00	-76.5023E-03
+2.3640000E+00	+3.8997E-03
+2.3642500E+00	-71.4772E-03
+2.3645000E+00	-151.8792E-03
+2.3647500E+00	-76.5023E-03
+2.3650000E+00	-71.4772E-03
+2.3652500E+00	+3.8997E-03
+2.3655000E+00	+3.8997E-03
+2.3657500E+00	+3.8997E-03
+2.3660000E+00	-71.4772E-03
+2.3662500E+00	+3.8997E-03
+2.3665000E+00	+164.7037E-03
+2.3667500E+00	+3.8997E-03
+2.3670000E+00	-76.5023E-03
+2.3672500E+00	+3.8997E-03
+2.3675000E+00	+8.9248E-03
+2.3677500E+00	+3.8997E-03
+2.3680000E+00	-151.8792E-03
+2.3682500E+00	-76.5023E-03
+2.3685000E+00	-151.8792E-03
+2.3687500E+00	-71.4772E-03
+2.3690000E+00	-76.5023E-03
+2.3692500E+00	-151.8792E-03
+2.3695000E+00	+3.8997E-03
+2.3697500E+00	-76.5023E-03
+2.3700000E+00	-151.8792E-03
+2.3702500E+00	-151.8792E-03
+2.3705000E+00	+3.8997E-03
+2.3707500E+00	-71.4772E-03
+2.3710000E+00	+3.8997E-03
+2.3712500E+00	+3.8997E-03
+2.3715000E+00	-71.4772E-03
+2.3717500E+00	-76.5023E-03
+2.3720000E+00	-76.5023E-03
+2.3722500E+00	+3.8997E-03
+2.3725000E+00	+3.8997E-03
+2.3727500E+00	+84.3017E-03
+2.3730000E+00	-76.5023E-03
+2.3732500E+00	+3.8997E-03
+2.3735000E+00	-76.5023E-03
+2.3737500E+00	+3.8997E-03
+2.3740000E+00	-76.5023E-03
+2.3742500E+00	+3.8997E-03
+2.3745000E+00	-76.5023E-03
+2.3747500E+00	-76.5023E-03
+2.3750000E+00	-76.5023E-03
+2.3752500E+00	-71.4772E-03
+2.3755000E+00	-76.5023E-03
+2.3757500E+00	+3.8997E-03
+2.3760000E+00	-71.4772E-03
+2.3762500E+00	+3.8997E-03
+2.3765000E+00	+3.8997E-03
+2.3767500E+00	-71.4772E-03
+2.3770000E+00	+3.8997E-03
+2.3772500E+00	-71.4772E-03
+2.3775000E+00	+84.3017E-03
+2.3777500E+00	+3.8997E-03
+2.3780000E+00	+84.3017E-03
+2.3782500E+00	-76.5023E-03
+2.3785000E+00	+3.8997E-03
+2.3787500E+00	-76.5023E-03
+2.3790000E+00	-71.4772E-03
+2.3792500E+00	+8.9248E-03
+2.3795000E+00	-71.4772E-03
+2.3797500E+00	-71.4772E-03
+2.3800000E+00	+8.9248E-03
+2.3802500E+00	-76.5023E-03
+2.3805000E+00	-76.5023E-03
+2.3807500E+00	-151.8792E-03
+2.3810000E+00	-71.4772E-03
+2.3812500E+00	-76.5023E-03
+2.3815000E+00	+3.8997E-03
+2.3817500E+00	-71.4772E-03
+2.3820000E+00	-76.5023E-03
+2.3822500E+00	-71.4772E-03
+2.3825000E+00	+84.3017E-03
+2.3827500E+00	-71.4772E-03
+2.3830000E+00	+3.8997E-03
+2.3832500E+00	-151.8792E-03
+2.3835000E+00	-71.4772E-03
+2.3837500E+00	+3.8997E-03
+2.3840000E+00	+3.8997E-03
+2.3842500E+00	+3.8997E-03
+2.3845000E+00	+3.8997E-03
+2.3847500E+00	+3.8997E-03
+2.3850000E+00	-151.8792E-03
+2.3852500E+00	+84.3017E-03
+2.3855000E+00	-71.4772E-03
+2.3857500E+00	-76.5023E-03
+2.3860000E+00	+3.8997E-03
+2.3862500E+00	-76.5023E-03
+2.3865000E+00	+3.8997E-03
+2.3867500E+00	-151.8792E-03
+2.3870000E+00	+3.8997E-03
+2.3872500E+00	-71.4772E-03
+2.3875000E+00	-76.5023E-03
+2.3877500E+00	-71.4772E-03
+2.3880000E+00	-71.4772E-03
+2.3882500E+00	-71.4772E-03
+2.3885000E+00	-151.8792E-03
+2.3887500E+00	+3.8997E-03
+2.3890000E+00	+3.8997E-03
+2.3892500E+00	-151.8792E-03
+2.3895000E+00	-71.4772E-03
+2.3897500E+00	-76.5023E-03
+2.3900000E+00	-151.8792E-03
+2.3902500E+00	-71.4772E-03
+2.3905000E+00	-76.5023E-03
+2.3907500E+00	-71.4772E-03
+2.3910000E+00	+3.8997E-03
+2.3912500E+00	+3.8997E-03
+2.3915000E+00	+3.8997E-03
+2.3917500E+00	+3.8997E-03
+2.3920000E+00	-71.4772E-03
+2.3922500E+00	-71.4772E-03
+2.3925000E+00	-76.5023E-03
+2.3927500E+00	-76.5023E-03
+2.3930000E+00	-71.4772E-03
+2.3932500E+00	-76.5023E-03
+2.3935000E+00	-151.8792E-03
+2.3937500E+00	-76.5023E-03
+2.3940000E+00	-76.5023E-03
+2.3942500E+00	-151.8792E-03
+2.3945000E+00	-232.2812E-03
+2.3947500E+00	-71.4772E-03
+2.3950000E+00	+3.8997E-03
+2.3952500E+00	-76.5023E-03
+2.3955000E+00	-71.4772E-03
+2.3957500E+00	+8.9248E-03
+2.3960000E+00	+3.8997E-03
+2.3962500E+00	-151.8792E-03
+2.3965000E+00	-71.4772E-03
+2.3967500E+00	-76.5023E-03
+2.3970000E+00	+3.8997E-03
+2.3972500E+00	-156.9043E-03
+2.3975000E+00	-151.8792E-03
+2.3977500E+00	+3.8997E-03
+2.3980000E+00	-71.4772E-03
+2.3982500E+00	+3.8997E-03
+2.3985000E+00	+84.3017E-03
+2.3987500E+00	+3.8997E-03
+2.3990000E+00	+3.8997E-03
+2.3992500E+00	-76.5023E-03
+2.3995000E+00	+3.8997E-03
+2.3997500E+00	-71.4772E-03
+2.4000000E+00	-71.4772E-03
+2.4002500E+00	+3.8997E-03
+2.4005000E+00	+164.7037E-03
+2.4007500E+00	+8.9248E-03
+2.4010000E+00	+3.8997E-03
+2.4012500E+00	-76.5023E-03
+2.4015000E+00	+3.8997E-03
+2.4017500E+00	+164.7037E-03
+2.4020000E+00	-151.8792E-03
+2.4022500E+00	-76.5023E-03
+2.4025000E+00	+3.8997E-03
+2.4027500E+00	+3.8997E-03
+2.4030000E+00	-71.4772E-03
+2.4032500E+00	-76.5023E-03
+2.4035000E+00	-151.8792E-03
+2.4037500E+00	+8.9248E-03
+2.4040000E+00	-76.5023E-03
+2.4042500E+00	-71.4772E-03
+2.4045000E+00	+3.8997E-03
+2.4047500E+00	+3.8997E-03
+2.4050000E+00	+3.8997E-03
+2.4052500E+00	+3.8997E-03
+2.4055000E+00	-71.4772E-03
+2.4057500E+00	-76.5023E-03
+2.4060000E+00	-71.4772E-03
+2.4062500E+00	-76.5023E-03
+2.4065000E+00	-76.5023E-03
+2.4067500E+00	-71.4772E-03
+2.4070000E+00	-71.4772E-03
+2.4072500E+00	+84.3017E-03
+2.4075000E+00	-71.4772E-03
+2.4077500E+00	-76.5023E-03
+2.4080000E+00	-76.5023E-03
+2.4082500E+00	+84.3017E-03
+2.4085000E+00	-76.5023E-03
+2.4087500E+00	+3.8997E-03
+2.4090000E+00	-71.4772E-03
+2.4092500E+00	-76.5023E-03
+2.4095000E+00	-76.5023E-03
+2.4097500E+00	+3.8997E-03
+2.4100000E+00	-151.8792E-03
+2.4102500E+00	+8.9248E-03
+2.4105000E+00	-76.5023E-03
+2.4107500E+00	-76.5023E-03
+2.4110000E+00	-76.5023E-03
+2.4112500E+00	+3.8997E-03
+2.4115000E+00	-76.5023E-03
+2.4117500E+00	+3.8997E-03
+2.4120000E+00	-76.5023E-03
+2.4122500E+00	-156.9043E-03
+2.4125000E+00	-76.5023E-03
+2.4127500E+00	-76.5023E-03
+2.4130000E+00	+8.9248E-03
+2.4132500E+00	+164.7037E-03
+2.4135000E+00	+3.8997E-03
+2.4137500E+00	+3.8997E-03
+2.4140000E+00	-76.5023E-03
+2.4142500E+00	+3.8997E-03
+2.4145000E+00	-76.5023E-03
+2.4147500E+00	-71.4772E-03
+2.4150000E+00	-76.5023E-03
+2.4152500E+00	-151.8792E-03
+2.4155000E+00	+3.8997E-03
+2.4157500E+00	+3.8997E-03
+2.4160000E+00	-76.5023E-03
+2.4162500E+00	+3.8997E-03
+2.4165000E+00	-71.4772E-03
+2.4167500E+00	+3.8997E-03
+2.4170000E+00	-71.4772E-03
+2.4172500E+00	-76.5023E-03
+2.4175000E+00	+3.8997E-03
+2.4177500E+00	+3.8997E-03
+2.4180000E+00	-71.4772E-03
+2.4182500E+00	+3.8997E-03
+2.4185000E+00	-151.8792E-03
+2.4187500E+00	-151.8792E-03
+2.4190000E+00	+3.8997E-03
+2.4192500E+00	-76.5023E-03
+2.4195000E+00	+164.7037E-03
+2.4197500E+00	+8.9248E-03
+2.4200000E+00	+3.8997E-03
+2.4202500E+00	+3.8997E-03
+2.4205000E+00	+3.8997E-03
+2.4207500E+00	-71.4772E-03
+2.4210000E+00	-151.8792E-03
+2.4212500E+00	-71.4772E-03
+2.4215000E+00	+3.8997E-03
+2.4217500E+00	-76.5023E-03
+2.4220000E+00	+8.9248E-03
+2.4222500E+00	+84.3017E-03
+2.4225000E+00	+3.8997E-03
+2.4227500E+00	-232.2812E-03
+2.4230000E+00	-76.5023E-03
+2.4232500E+00	-71.4772E-03
+2.4235000E+00	+8.9248E-03
+2.4237500E+00	-71.4772E-03
+2.4240000E+00	-151.8792E-03
+2.4242500E+00	+3.8997E-03
+2.4245000E+00	+3.8997E-03
+2.4247500E+00	+3.8997E-03
+2.4250000E+00	+8.9248E-03
+2.4252500E+00	-232.2812E-03
+2.4255000E+00	-71.4772E-03
+2.4257500E+00	-76.5023E-03
+2.4260000E+00	-76.5023E-03
+2.4262500E+00	-71.4772E-03
+2.4265000E+00	-76.5023E-03
+2.4267500E+00	+3.8997E-03
+2.4270000E+00	+3.8997E-03
+2.4272500E+00	-71.4772E-03
+2.4275000E+00	+3.8997E-03
+2.4277500E+00	-151.8792E-03
+2.4280000E+00	-76.5023E-03
+2.4282500E+00	+8.9248E-03
+2.4285000E+00	-151.8792E-03
+2.4287500E+00	-76.5023E-03
+2.4290000E+00	+3.8997E-03
+2.4292500E+00	-76.5023E-03
+2.4295000E+00	+3.8997E-03
+2.4297500E+00	-76.5023E-03
+2.4300000E+00	-71.4772E-03
+2.4302500E+00	+3.8997E-03
+2.4305000E+00	+3.8997E-03
+2.4307500E+00	+84.3017E-03
+2.4310000E+00	+3.8997E-03
+2.4312500E+00	-76.5023E-03
+2.4315000E+00	-71.4772E-03
+2.4317500E+00	-76.5023E-03
+2.4320000E+00	+8.9248E-03
+2.4322500E+00	+8.9248E-03
+2.4325000E+00	-71.4772E-03
+2.4327500E+00	+3.8997E-03
+2.4330000E+00	+84.3017E-03
+2.4332500E+00	-76.5023E-03
+2.4335000E+00	+3.8997E-03
+2.4337500E+00	+3.8997E-03
+2.4340000E+00	+164.7037E-03
+2.4342500E+00	-151.8792E-03
+2.4345000E+00	-151.8792E-03
+2.4347500E+00	-151.8792E-03
+2.4350000E+00	-76.5023E-03
+2.4352500E+00	-76.5023E-03
+2.4355000E+00	-76.5023E-03
+2.4357500E+00	-71.4772E-03
+2.4360000E+00	+3.8997E-03
+2.4362500E+00	-76.5023E-03
+2.4365000E+00	+3.8997E-03
+2.4367500E+00	-76.5023E-03
+2.4370000E+00	+3.8997E-03
+2.4372500E+00	-71.4772E-03
+2.4375000E+00	+3.8997E-03
+2.4377500E+00	+8.9248E-03
+2.4380000E+00	-76.5023E-03
+2.4382500E+00	-76.5023E-03
+2.4385000E+00	+84.3017E-03
+2.4387500E+00	-76.5023E-03
+2.4390000E+00	-76.5023E-03
+2.4392500E+00	-76.5023E-03
+2.4395000E+00	-151.8792E-03
+2.4397500E+00	-71.4772E-03
+2.4400000E+00	+3.8997E-03
+2.4402500E+00	+3.8997E-03
+2.4405000E+00	+3.8997E-03
+2.4407500E+00	-71.4772E-03
+2.4410000E+00	-71.4772E-03
+2.4412500E+00	+3.8997E-03
+2.4415000E+00	+3.8997E-03
+2.4417500E+00	+3.8997E-03
+2.4420000E+00	+3.8997E-03
+2.4422500E+00	+8.9248E-03
+2.4425000E+00	+3.8997E-03
+2.4427500E+00	-71.4772E-03
+2.4430000E+00	+3.8997E-03
+2.4432500E+00	+3.8997E-03
+2.4435000E+00	+3.8997E-03
+2.4437500E+00	-71.4772E-03
+2.4440000E+00	-76.5023E-03
+2.4442500E+00	+3.8997E-03
+2.4445000E+00	+3.8997E-03
+2.4447500E+00	-76.5023E-03
+2.4450000E+00	+84.3017E-03
+2.4452500E+00	+3.8997E-03
+2.4455000E+00	-71.4772E-03
+2.4457500E+00	+3.8997E-03
+2.4460000E+00	+3.8997E-03
+2.4462500E+00	+84.3017E-03
+2.4465000E+00	+84.3017E-03
+2.4467500E+00	-71.4772E-03
+2.4470000E+00	+3.8997E-03
+2.4472500E+00	-76.5023E-03
+2.4475000E+00	-76.5023E-03
+2.4477500E+00	-71.4772E-03
+2.4480000E+00	+84.3017E-03
+2.4482500E+00	-71.4772E-03
+2.4485000E+00	-76.5023E-03
+2.4487500E+00	-71.4772E-03
+2.4490000E+00	-76.5023E-03
+2.4492500E+00	+3.8997E-03
+2.4495000E+00	+3.8997E-03
+2.4497500E+00	-76.5023E-03
+2.4500000E+00	+3.8997E-03
+2.4502500E+00	+3.8997E-03
+2.4505000E+00	+3.8997E-03
+2.4507500E+00	+3.8997E-03
+2.4510000E+00	-71.4772E-03
+2.4512500E+00	+3.8997E-03
+2.4515000E+00	-76.5023E-03
+2.4517500E+00	+3.8997E-03
+2.4520000E+00	-71.4772E-03
+2.4522500E+00	+3.8997E-03
+2.4525000E+00	-76.5023E-03
+2.4527500E+00	-71.4772E-03
+2.4530000E+00	-71.4772E-03
+2.4532500E+00	-71.4772E-03
+2.4535000E+00	-76.5023E-03
+2.4537500E+00	+3.8997E-03
+2.4540000E+00	-71.4772E-03
+2.4542500E+00	-71.4772E-03
+2.4545000E+00	+3.8997E-03
+2.4547500E+00	+3.8997E-03
+2.4550000E+00	-76.5023E-03
+2.4552500E+00	-71.4772E-03
+2.4555000E+00	-76.5023E-03
+2.4557500E+00	-71.4772E-03
+2.4560000E+00	-71.4772E-03
+2.4562500E+00	+3.8997E-03
+2.4565000E+00	+84.3017E-03
+2.4567500E+00	-71.4772E-03
+2.4570000E+00	-76.5023E-03
+2.4572500E+00	-76.5023E-03
+2.4575000E+00	+3.8997E-03
+2.4577500E+00	-71.4772E-03
+2.4580000E+00	+8.9248E-03
+2.4582500E+00	-76.5023E-03
+2.4585000E+00	+3.8997E-03
+2.4587500E+00	-76.5023E-03
+2.4590000E+00	+3.8997E-03
+2.4592500E+00	+84.3017E-03
+2.4595000E+00	+3.8997E-03
+2.4597500E+00	-76.5023E-03
+2.4600000E+00	-71.4772E-03
+2.4602500E+00	-76.5023E-03
+2.4605000E+00	-76.5023E-03
+2.4607500E+00	-76.5023E-03
+2.4610000E+00	-71.4772E-03
+2.4612500E+00	+3.8997E-03
+2.4615000E+00	+8.9248E-03
+2.4617500E+00	-156.9043E-03
+2.4620000E+00	+3.8997E-03
+2.4622500E+00	-71.4772E-03
+2.4625000E+00	+84.3017E-03
+2.4627500E+00	-76.5023E-03
+2.4630000E+00	-71.4772E-03
+2.4632500E+00	+3.8997E-03
+2.4635000E+00	-151.8792E-03
+2.4637500E+00	-71.4772E-03
+2.4640000E+00	-76.5023E-03
+2.4642500E+00	+3.8997E-03
+2.4645000E+00	+3.8997E-03
+2.4647500E+00	+3.8997E-03
+2.4650000E+00	+3.8997E-03
+2.4652500E+00	+84.3017E-03
+2.4655000E+00	+3.8997E-03
+2.4657500E+00	-71.4772E-03
+2.4660000E+00	-76.5023E-03
+2.4662500E+00	+3.8997E-03
+2.4665000E+00	+84.3017E-03
+2.4667500E+00	+3.8997E-03
+2.4670000E+00	-76.5023E-03
+2.4672500E+00	-151.8792E-03
+2.4675000E+00	+3.8997E-03
+2.4677500E+00	-71.4772E-03
+2.4680000E+00	-71.4772E-03
+2.4682500E+00	-76.5023E-03
+2.4685000E+00	-76.5023E-03
+2.4687500E+00	-76.5023E-03
+2.4690000E+00	+3.8997E-03
+2.4692500E+00	-76.5023E-03
+2.4695000E+00	-71.4772E-03
+2.4697500E+00	-151.8792E-03
+2.4700000E+00	+84.3017E-03
+2.4702500E+00	+3.8997E-03
+2.4705000E+00	+3.8997E-03
+2.4707500E+00	+8.9248E-03
+2.4710000E+00	+3.8997E-03
+2.4712500E+00	-151.8792E-03
+2.4715000E+00	+3.8997E-03
+2.4717500E+00	+84.3017E-03
+2.4720000E+00	-71.4772E-03
+2.4722500E+00	+8.9248E-03
+2.4725000E+00	+3.8997E-03
+2.4727500E+00	+3.8997E-03
+2.4730000E+00	+84.3017E-03
+2.4732500E+00	-71.4772E-03
+2.4735000E+00	+84.3017E-03
+2.4737500E+00	+3.8997E-03
+2.4740000E+00	+3.8997E-03
+2.4742500E+00	+3.8997E-03
+2.4745000E+00	+3.8997E-03
+2.4747500E+00	+3.8997E-03
+2.4750000E+00	-151.8792E-03
+2.4752500E+00	+3.8997E-03
+2.4755000E+00	+3.8997E-03
+2.4757500E+00	+3.8997E-03
+2.4760000E+00	+8.9248E-03
+2.4762500E+00	-151.8792E-03
+2.4765000E+00	-76.5023E-03
+2.4767500E+00	+3.8997E-03
+2.4770000E+00	+84.3017E-03
+2.4772500E+00	-76.5023E-03
+2.4775000E+00	+84.3017E-03
+2.4777500E+00	+84.3017E-03
+2.4780000E+00	+3.8997E-03
+2.4782500E+00	-71.4772E-03
+2.4785000E+00	-76.5023E-03
+2.4787500E+00	-76.5023E-03
+2.4790000E+00	+3.8997E-03
+2.4792500E+00	-71.4772E-03
+2.4795000E+00	-71.4772E-03
+2.4797500E+00	+3.8997E-03
+2.4800000E+00	-76.5023E-03
+2.4802500E+00	+3.8997E-03
+2.4805000E+00	+3.8997E-03
+2.4807500E+00	-76.5023E-03
+2.4810000E+00	+3.8997E-03
+2.4812500E+00	-76.5023E-03
+2.4815000E+00	+84.3017E-03
+2.4817500E+00	+3.8997E-03
+2.4820000E+00	+3.8997E-03
+2.4822500E+00	-76.5023E-03
+2.4825000E+00	-151.8792E-03
+2.4827500E+00	+3.8997E-03
+2.4830000E+00	+84.3017E-03
+2.4832500E+00	-71.4772E-03
+2.4835000E+00	-76.5023E-03
+2.4837500E+00	+84.3017E-03
+2.4840000E+00	-76.5023E-03
+2.4842500E+00	+3.8997E-03
+2.4845000E+00	-76.5023E-03
+2.4847500E+00	+3.8997E-03
+2.4850000E+00	-76.5023E-03
+2.4852500E+00	-76.5023E-03
+2.4855000E+00	-71.4772E-03
+2.4857500E+00	-151.8792E-03
+2.4860000E+00	-76.5023E-03
+2.4862500E+00	+3.8997E-03
+2.4865000E+00	+84.3017E-03
+2.4867500E+00	-71.4772E-03
+2.4870000E+00	+84.3017E-03
+2.4872500E+00	+3.8997E-03
+2.4875000E+00	-76.5023E-03
+2.4877500E+00	-151.8792E-03
+2.4880000E+00	+3.8997E-03
+2.4882500E+00	+3.8997E-03
+2.4885000E+00	+84.3017E-03
+2.4887500E+00	+3.8997E-03
+2.4890000E+00	+3.8997E-03
+2.4892500E+00	-76.5023E-03
+2.4895000E+00	-76.5023E-03
+2.4897500E+00	-71.4772E-03
+2.4900000E+00	-76.5023E-03
+2.4902500E+00	+3.8997E-03
+2.4905000E+00	-76.5023E-03
+2.4907500E+00	-71.4772E-03
+2.4910000E+00	-76.5023E-03
+2.4912500E+00	+3.8997E-03
+2.4915000E+00	-76.5023E-03
+2.4917500E+00	-151.8792E-03
+2.4920000E+00	+3.8997E-03
+2.4922500E+00	+3.8997E-03
+2.4925000E+00	+3.8997E-03
+2.4927500E+00	-76.5023E-03
+2.4930000E+00	-76.5023E-03
+2.4932500E+00	+3.8997E-03
+2.4935000E+00	-71.4772E-03
+2.4937500E+00	-71.4772E-03
+2.4940000E+00	-71.4772E-03
+2.4942500E+00	+3.8997E-03
+2.4945000E+00	-71.4772E-03
+2.4947500E+00	+3.8997E-03
+2.4950000E+00	-76.5023E-03
+2.4952500E+00	+3.8997E-03
+2.4955000E+00	+3.8997E-03
+2.4957500E+00	+84.3017E-03
+2.4960000E+00	+3.8997E-03
+2.4962500E+00	-76.5023E-03
+2.4965000E+00	-71.4772E-03
+2.4967500E+00	+84.3017E-03
+2.4970000E+00	-76.5023E-03
+2.4972500E+00	+3.8997E-03
+2.4975000E+00	+3.8997E-03
+2.4977500E+00	+8.9248E-03
+2.4980000E+00	+3.8997E-03
+2.4982500E+00	-151.8792E-03
+2.4985000E+00	+3.8997E-03
+2.4987500E+00	+3.8997E-03
+2.4990000E+00	+3.8997E-03
+2.4992500E+00	-71.4772E-03
+2.4995000E+00	+3.8997E-03
+2.4997500E+00	-76.5023E-03
+2.5000000E+00	-71.4772E-03
+2.5002500E+00	-76.5023E-03
+2.5005000E+00	-76.5023E-03
+2.5007500E+00	-71.4772E-03
+2.5010000E+00	-76.5023E-03
+2.5012500E+00	-76.5023E-03
+2.5015000E+00	-76.5023E-03
+2.5017500E+00	-71.4772E-03
+2.5020000E+00	-76.5023E-03
+2.5022500E+00	+3.8997E-03
+2.5025000E+00	-71.4772E-03
+2.5027500E+00	-71.4772E-03
+2.5030000E+00	-71.4772E-03
+2.5032500E+00	-71.4772E-03
+2.5035000E+00	-71.4772E-03
+2.5037500E+00	+3.8997E-03
+2.5040000E+00	-71.4772E-03
+2.5042500E+00	+3.8997E-03
+2.5045000E+00	-76.5023E-03
+2.5047500E+00	+3.8997E-03
+2.5050000E+00	-76.5023E-03
+2.5052500E+00	-76.5023E-03
+2.5055000E+00	+84.3017E-03
+2.5057500E+00	-76.5023E-03
+2.5060000E+00	-76.5023E-03
+2.5062500E+00	-151.8792E-03
+2.5065000E+00	-71.4772E-03
+2.5067500E+00	-76.5023E-03
+2.5070000E+00	-71.4772E-03
+2.5072500E+00	+84.3017E-03
+2.5075000E+00	-76.5023E-03
+2.5077500E+00	+3.8997E-03
+2.5080000E+00	+3.8997E-03
+2.5082500E+00	+3.8997E-03
+2.5085000E+00	-71.4772E-03
+2.5087500E+00	-151.8792E-03
+2.5090000E+00	-76.5023E-03
+2.5092500E+00	-76.5023E-03
+2.5095000E+00	+3.8997E-03
+2.5097500E+00	-71.4772E-03
+2.5100000E+00	-71.4772E-03
+2.5102500E+00	+3.8997E-03
+2.5105000E+00	-76.5023E-03
+2.5107500E+00	-76.5023E-03
+2.5110000E+00	-71.4772E-03
+2.5112500E+00	-151.8792E-03
+2.5115000E+00	-151.8792E-03
+2.5117500E+00	+3.8997E-03
+2.5120000E+00	-156.9043E-03
+2.5122500E+00	+3.8997E-03
+2.5125000E+00	+3.8997E-03
+2.5127500E+00	+3.8997E-03
+2.5130000E+00	-71.4772E-03
+2.5132500E+00	+84.3017E-03
+2.5135000E+00	+3.8997E-03
+2.5137500E+00	-76.5023E-03
+2.5140000E+00	+3.8997E-03
+2.5142500E+00	+3.8997E-03
+2.5145000E+00	-71.4772E-03
+2.5147500E+00	-76.5023E-03
+2.5150000E+00	+3.8997E-03
+2.5152500E+00	+3.8997E-03
+2.5155000E+00	+3.8997E-03
+2.5157500E+00	+3.8997E-03
+2.5160000E+00	+3.8997E-03
+2.5162500E+00	+8.9248E-03
+2.5165000E+00	+3.8997E-03
+2.5167500E+00	-76.5023E-03
+2.5170000E+00	-71.4772E-03
+2.5172500E+00	+3.8997E-03
+2.5175000E+00	-76.5023E-03
+2.5177500E+00	+3.8997E-03
+2.5180000E+00	+84.3017E-03
+2.5182500E+00	+3.8997E-03
+2.5185000E+00	-71.4772E-03
+2.5187500E+00	+3.8997E-03
+2.5190000E+00	-76.5023E-03
+2.5192500E+00	-71.4772E-03
+2.5195000E+00	-76.5023E-03
+2.5197500E+00	+164.7037E-03
+2.5200000E+00	-76.5023E-03
+2.5202500E+00	+3.8997E-03
+2.5205000E+00	+3.8997E-03
+2.5207500E+00	+3.8997E-03
+2.5210000E+00	-76.5023E-03
+2.5212500E+00	-71.4772E-03
+2.5215000E+00	-151.8792E-03
+2.5217500E+00	-76.5023E-03
+2.5220000E+00	-76.5023E-03
+2.5222500E+00	-76.5023E-03
+2.5225000E+00	+3.8997E-03
+2.5227500E+00	-76.5023E-03
+2.5230000E+00	-151.8792E-03
+2.5232500E+00	-71.4772E-03
+2.5235000E+00	-76.5023E-03
+2.5237500E+00	-71.4772E-03
+2.5240000E+00	-76.5023E-03
+2.5242500E+00	+3.8997E-03
+2.5245000E+00	+3.8997E-03
+2.5247500E+00	+3.8997E-03
+2.5250000E+00	+3.8997E-03
+2.5252500E+00	-76.5023E-03
+2.5255000E+00	+3.8997E-03
+2.5257500E+00	-71.4772E-03
+2.5260000E+00	-71.4772E-03
+2.5262500E+00	+3.8997E-03
+2.5265000E+00	+3.8997E-03
+2.5267500E+00	-71.4772E-03
+2.5270000E+00	-76.5023E-03
+2.5272500E+00	+84.3017E-03
+2.5275000E+00	-151.8792E-03
+2.5277500E+00	-76.5023E-03
+2.5280000E+00	+3.8997E-03
+2.5282500E+00	+3.8997E-03
+2.5285000E+00	-76.5023E-03
+2.5287500E+00	-76.5023E-03
+2.5290000E+00	-71.4772E-03
+2.5292500E+00	-76.5023E-03
+2.5295000E+00	+3.8997E-03
+2.5297500E+00	-76.5023E-03
+2.5300000E+00	-76.5023E-03
+2.5302500E+00	-151.8792E-03
+2.5305000E+00	-71.4772E-03
+2.5307500E+00	+3.8997E-03
+2.5310000E+00	-151.8792E-03
+2.5312500E+00	-76.5023E-03
+2.5315000E+00	+3.8997E-03
+2.5317500E+00	-76.5023E-03
+2.5320000E+00	-76.5023E-03
+2.5322500E+00	-151.8792E-03
+2.5325000E+00	+3.8997E-03
+2.5327500E+00	+3.8997E-03
+2.5330000E+00	+84.3017E-03
+2.5332500E+00	+3.8997E-03
+2.5335000E+00	-71.4772E-03
+2.5337500E+00	-76.5023E-03
+2.5340000E+00	-151.8792E-03
+2.5342500E+00	-71.4772E-03
+2.5345000E+00	+3.8997E-03
+2.5347500E+00	-76.5023E-03
+2.5350000E+00	+3.8997E-03
+2.5352500E+00	+3.8997E-03
+2.5355000E+00	-71.4772E-03
+2.5357500E+00	-76.5023E-03
+2.5360000E+00	-156.9043E-03
+2.5362500E+00	+3.8997E-03
+2.5365000E+00	+3.8997E-03
+2.5367500E+00	-76.5023E-03
+2.5370000E+00	+3.8997E-03
+2.5372500E+00	-71.4772E-03
+2.5375000E+00	+3.8997E-03
+2.5377500E+00	+3.8997E-03
+2.5380000E+00	+3.8997E-03
+2.5382500E+00	-76.5023E-03
+2.5385000E+00	+3.8997E-03
+2.5387500E+00	-71.4772E-03
+2.5390000E+00	-71.4772E-03
+2.5392500E+00	+3.8997E-03
+2.5395000E+00	-71.4772E-03
+2.5397500E+00	+84.3017E-03
+2.5400000E+00	-76.5023E-03
+2.5402500E+00	-151.8792E-03
+2.5405000E+00	+84.3017E-03
+2.5407500E+00	-76.5023E-03
+2.5410000E+00	-76.5023E-03
+2.5412500E+00	-71.4772E-03
+2.5415000E+00	+3.8997E-03
+2.5417500E+00	-71.4772E-03
+2.5420000E+00	+3.8997E-03
+2.5422500E+00	-76.5023E-03
+2.5425000E+00	+3.8997E-03
+2.5427500E+00	+164.7037E-03
+2.5430000E+00	+3.8997E-03
+2.5432500E+00	+3.8997E-03
+2.5435000E+00	+8.9248E-03
+2.5437500E+00	+8.9248E-03
+2.5440000E+00	+3.8997E-03
+2.5442500E+00	+3.8997E-03
+2.5445000E+00	-71.4772E-03
+2.5447500E+00	+3.8997E-03
+2.5450000E+00	+3.8997E-03
+2.5452500E+00	-71.4772E-03
+2.5455000E+00	+3.8997E-03
+2.5457500E+00	+3.8997E-03
+2.5460000E+00	-71.4772E-03
+2.5462500E+00	-76.5023E-03
+2.5465000E+00	-71.4772E-03
+2.5467500E+00	-76.5023E-03
+2.5470000E+00	+84.3017E-03
+2.5472500E+00	-76.5023E-03
+2.5475000E+00	-76.5023E-03
+2.5477500E+00	+84.3017E-03
+2.5480000E+00	-71.4772E-03
+2.5482500E+00	-76.5023E-03
+2.5485000E+00	-71.4772E-03
+2.5487500E+00	-76.5023E-03
+2.5490000E+00	-71.4772E-03
+2.5492500E+00	-71.4772E-03
+2.5495000E+00	+3.8997E-03
+2.5497500E+00	-71.4772E-03
+2.5500000E+00	+3.8997E-03
+2.5502500E+00	-71.4772E-03
+2.5505000E+00	+3.8997E-03
+2.5507500E+00	-76.5023E-03
+2.5510000E+00	-76.5023E-03
+2.5512500E+00	-71.4772E-03
+2.5515000E+00	+3.8997E-03
+2.5517500E+00	+3.8997E-03
+2.5520000E+00	-76.5023E-03
+2.5522500E+00	+3.8997E-03
+2.5525000E+00	-76.5023E-03
+2.5527500E+00	+84.3017E-03
+2.5530000E+00	-151.8792E-03
+2.5532500E+00	-71.4772E-03
+2.5535000E+00	+84.3017E-03
+2.5537500E+00	+3.8997E-03
+2.5540000E+00	-71.4772E-03
+2.5542500E+00	-76.5023E-03
+2.5545000E+00	-151.8792E-03
+2.5547500E+00	+3.8997E-03
+2.5550000E+00	-76.5023E-03
+2.5552500E+00	+3.8997E-03
+2.5555000E+00	-151.8792E-03
+2.5557500E+00	+3.8997E-03
+2.5560000E+00	+84.3017E-03
+2.5562500E+00	+3.8997E-03
+2.5565000E+00	-76.5023E-03
+2.5567500E+00	-71.4772E-03
+2.5570000E+00	-76.5023E-03
+2.5572500E+00	-76.5023E-03
+2.5575000E+00	+3.8997E-03
+2.5577500E+00	+3.8997E-03
+2.5580000E+00	-76.5023E-03
+2.5582500E+00	-76.5023E-03
+2.5585000E+00	-71.4772E-03
+2.5587500E+00	+8.9248E-03
+2.5590000E+00	+3.8997E-03
+2.5592500E+00	-71.4772E-03
+2.5595000E+00	+3.8997E-03
+2.5597500E+00	-71.4772E-03
+2.5600000E+00	-76.5023E-03
+2.5602500E+00	+8.9248E-03
+2.5605000E+00	-71.4772E-03
+2.5607500E+00	-76.5023E-03
+2.5610000E+00	-71.4772E-03
+2.5612500E+00	-76.5023E-03
+2.5615000E+00	-151.8792E-03
+2.5617500E+00	-71.4772E-03
+2.5620000E+00	-76.5023E-03
+2.5622500E+00	-76.5023E-03
+2.5625000E+00	+3.8997E-03
+2.5627500E+00	+3.8997E-03
+2.5630000E+00	-151.8792E-03
+2.5632500E+00	-76.5023E-03
+2.5635000E+00	-151.8792E-03
+2.5637500E+00	-76.5023E-03
+2.5640000E+00	-76.5023E-03
+2.5642500E+00	-76.5023E-03
+2.5645000E+00	+3.8997E-03
+2.5647500E+00	-156.9043E-03
+2.5650000E+00	-71.4772E-03
+2.5652500E+00	-76.5023E-03
+2.5655000E+00	-76.5023E-03
+2.5657500E+00	+3.8997E-03
+2.5660000E+00	-71.4772E-03
+2.5662500E+00	+3.8997E-03
+2.5665000E+00	+3.8997E-03
+2.5667500E+00	-71.4772E-03
+2.5670000E+00	-71.4772E-03
+2.5672500E+00	-76.5023E-03
+2.5675000E+00	-71.4772E-03
+2.5677500E+00	-76.5023E-03
+2.5680000E+00	+3.8997E-03
+2.5682500E+00	+3.8997E-03
+2.5685000E+00	-76.5023E-03
+2.5687500E+00	-71.4772E-03
+2.5690000E+00	-76.5023E-03
+2.5692500E+00	-76.5023E-03
+2.5695000E+00	-71.4772E-03
+2.5697500E+00	+3.8997E-03
+2.5700000E+00	-156.9043E-03
+2.5702500E+00	-71.4772E-03
+2.5705000E+00	+3.8997E-03
+2.5707500E+00	+3.8997E-03
+2.5710000E+00	+3.8997E-03
+2.5712500E+00	-76.5023E-03
+2.5715000E+00	-71.4772E-03
+2.5717500E+00	-151.8792E-03
+2.5720000E+00	-71.4772E-03
+2.5722500E+00	-151.8792E-03
+2.5725000E+00	+3.8997E-03
+2.5727500E+00	+3.8997E-03
+2.5730000E+00	+84.3017E-03
+2.5732500E+00	-151.8792E-03
+2.5735000E+00	+3.8997E-03
+2.5737500E+00	-76.5023E-03
+2.5740000E+00	-71.4772E-03
+2.5742500E+00	-71.4772E-03
+2.5745000E+00	+3.8997E-03
+2.5747500E+00	+84.3017E-03
+2.5750000E+00	-76.5023E-03
+2.5752500E+00	-71.4772E-03
+2.5755000E+00	+3.8997E-03
+2.5757500E+00	+3.8997E-03
+2.5760000E+00	-232.2812E-03
+2.5762500E+00	-71.4772E-03
+2.5765000E+00	-71.4772E-03
+2.5767500E+00	-76.5023E-03
+2.5770000E+00	-71.4772E-03
+2.5772500E+00	+3.8997E-03
+2.5775000E+00	+84.3017E-03
+2.5777500E+00	-76.5023E-03
+2.5780000E+00	-71.4772E-03
+2.5782500E+00	-76.5023E-03
+2.5785000E+00	-76.5023E-03
+2.5787500E+00	+3.8997E-03
+2.5790000E+00	-76.5023E-03
+2.5792500E+00	-76.5023E-03
+2.5795000E+00	-71.4772E-03
+2.5797500E+00	+3.8997E-03
+2.5800000E+00	+8.9248E-03
+2.5802500E+00	-71.4772E-03
+2.5805000E+00	+3.8997E-03
+2.5807500E+00	+3.8997E-03
+2.5810000E+00	-71.4772E-03
+2.5812500E+00	-71.4772E-03
+2.5815000E+00	-71.4772E-03
+2.5817500E+00	-76.5023E-03
+2.5820000E+00	-76.5023E-03
+2.5822500E+00	+8.9248E-03
+2.5825000E+00	+3.8997E-03
+2.5827500E+00	+3.8997E-03
+2.5830000E+00	+89.3268E-03
+2.5832500E+00	-71.4772E-03
+2.5835000E+00	+3.8997E-03
+2.5837500E+00	+3.8997E-03
+2.5840000E+00	-76.5023E-03
+2.5842500E+00	-151.8792E-03
+2.5845000E+00	-71.4772E-03
+2.5847500E+00	-151.8792E-03
+2.5850000E+00	+3.8997E-03
+2.5852500E+00	-76.5023E-03
+2.5855000E+00	-71.4772E-03
+2.5857500E+00	+3.8997E-03
+2.5860000E+00	+3.8997E-03
+2.5862500E+00	+3.8997E-03
+2.5865000E+00	-71.4772E-03
+2.5867500E+00	-151.8792E-03
+2.5870000E+00	-71.4772E-03
+2.5872500E+00	-76.5023E-03
+2.5875000E+00	-71.4772E-03
+2.5877500E+00	+84.3017E-03
+2.5880000E+00	+3.8997E-03
+2.5882500E+00	+3.8997E-03
+2.5885000E+00	-76.5023E-03
+2.5887500E+00	+3.8997E-03
+2.5890000E+00	-76.5023E-03
+2.5892500E+00	+84.3017E-03
+2.5895000E+00	+3.8997E-03
+2.5897500E+00	-71.4772E-03
+2.5900000E+00	+3.8997E-03
+2.5902500E+00	+3.8997E-03
+2.5905000E+00	-71.4772E-03
+2.5907500E+00	+3.8997E-03
+2.5910000E+00	+3.8997E-03
+2.5912500E+00	+3.8997E-03
+2.5915000E+00	-76.5023E-03
+2.5917500E+00	-76.5023E-03
+2.5920000E+00	-71.4772E-03
+2.5922500E+00	-76.5023E-03
+2.5925000E+00	-151.8792E-03
+2.5927500E+00	+3.8997E-03
+2.5930000E+00	+3.8997E-03
+2.5932500E+00	+3.8997E-03
+2.5935000E+00	+3.8997E-03
+2.5937500E+00	+3.8997E-03
+2.5940000E+00	+3.8997E-03
+2.5942500E+00	-76.5023E-03
+2.5945000E+00	-71.4772E-03
+2.5947500E+00	-151.8792E-03
+2.5950000E+00	+3.8997E-03
+2.5952500E+00	+3.8997E-03
+2.5955000E+00	+8.9248E-03
+2.5957500E+00	-71.4772E-03
+2.5960000E+00	-71.4772E-03
+2.5962500E+00	+3.8997E-03
+2.5965000E+00	+3.8997E-03
+2.5967500E+00	-71.4772E-03
+2.5970000E+00	-76.5023E-03
+2.5972500E+00	-71.4772E-03
+2.5975000E+00	-71.4772E-03
+2.5977500E+00	+3.8997E-03
+2.5980000E+00	+3.8997E-03
+2.5982500E+00	+3.8997E-03
+2.5985000E+00	-76.5023E-03
+2.5987500E+00	+3.8997E-03
+2.5990000E+00	-76.5023E-03
+2.5992500E+00	-71.4772E-03
+2.5995000E+00	+3.8997E-03
+2.5997500E+00	-71.4772E-03
+2.6000000E+00	-151.8792E-03
+2.6002500E+00	-71.4772E-03
+2.6005000E+00	+84.3017E-03
+2.6007500E+00	-76.5023E-03
+2.6010000E+00	-76.5023E-03
+2.6012500E+00	+3.8997E-03
+2.6015000E+00	-76.5023E-03
+2.6017500E+00	+3.8997E-03
+2.6020000E+00	+3.8997E-03
+2.6022500E+00	-76.5023E-03
+2.6025000E+00	-71.4772E-03
+2.6027500E+00	+3.8997E-03
+2.6030000E+00	-76.5023E-03
+2.6032500E+00	-151.8792E-03
+2.6035000E+00	-71.4772E-03
+2.6037500E+00	-76.5023E-03
+2.6040000E+00	-71.4772E-03
+2.6042500E+00	+3.8997E-03
+2.6045000E+00	+3.8997E-03
+2.6047500E+00	+3.8997E-03
+2.6050000E+00	-76.5023E-03
+2.6052500E+00	-71.4772E-03
+2.6055000E+00	+3.8997E-03
+2.6057500E+00	+3.8997E-03
+2.6060000E+00	+3.8997E-03
+2.6062500E+00	-71.4772E-03
+2.6065000E+00	-76.5023E-03
+2.6067500E+00	-71.4772E-03
+2.6070000E+00	+3.8997E-03
+2.6072500E+00	-71.4772E-03
+2.6075000E+00	-71.4772E-03
+2.6077500E+00	+84.3017E-03
+2.6080000E+00	+3.8997E-03
+2.6082500E+00	-71.4772E-03
+2.6085000E+00	-71.4772E-03
+2.6087500E+00	+3.8997E-03
+2.6090000E+00	-151.8792E-03
+2.6092500E+00	+3.8997E-03
+2.6095000E+00	-76.5023E-03
+2.6097500E+00	-76.5023E-03
+2.6100000E+00	-76.5023E-03
+2.6102500E+00	-151.8792E-03
+2.6105000E+00	+3.8997E-03
+2.6107500E+00	+3.8997E-03
+2.6110000E+00	-71.4772E-03
+2.6112500E+00	-71.4772E-03
+2.6115000E+00	-71.4772E-03
+2.6117500E+00	+3.8997E-03
+2.6120000E+00	-76.5023E-03
+2.6122500E+00	-76.5023E-03
+2.6125000E+00	-71.4772E-03
+2.6127500E+00	+3.8997E-03
+2.6130000E+00	+84.3017E-03
+2.6132500E+00	+3.8997E-03
+2.6135000E+00	-71.4772E-03
+2.6137500E+00	+3.8997E-03
+2.6140000E+00	-71.4772E-03
+2.6142500E+00	-76.5023E-03
+2.6145000E+00	+3.8997E-03
+2.6147500E+00	+84.3017E-03
+2.6150000E+00	+3.8997E-03
+2.6152500E+00	-71.4772E-03
+2.6155000E+00	+3.8997E-03
+2.6157500E+00	-76.5023E-03
+2.6160000E+00	-71.4772E-03
+2.6162500E+00	+3.8997E-03
+2.6165000E+00	-76.5023E-03
+2.6167500E+00	-76.5023E-03
+2.6170000E+00	-76.5023E-03
+2.6172500E+00	-71.4772E-03
+2.6175000E+00	+3.8997E-03
+2.6177500E+00	+164.7037E-03
+2.6180000E+00	-71.4772E-03
+2.6182500E+00	+3.8997E-03
+2.6185000E+00	+3.8997E-03
