x-axis	1
second	Volt
-5.000000047	0.044598
-4.995000047	0.044598
-4.990000047	-0.035804
-4.985000047	0.044598
-4.980000047	-0.035804
-4.975000047	0.044598
-4.970000047	0.044598
-4.965000047	0.044598
-4.960000047	-0.035804
-4.955000047	-0.035804
-4.950000047	-0.035804
-4.945000047	-0.035804
-4.940000047	-0.035804
-4.935000047	-0.035804
-4.930000047	0.044598
-4.925000047	-0.035804
-4.920000047	-0.035804
-4.915000047	-0.035804
-4.910000047	-0.035804
-4.905000047	-0.035804
-4.900000047	0.044598
-4.895000047	0.044598
-4.890000047	0.044598
-4.885000047	-0.035804
-4.880000047	-0.035804
-4.875000047	-0.116206
-4.870000047	-0.035804
-4.865000047	-0.035804
-4.860000047	-0.035804
-4.855000047	-0.035804
-4.850000047	0.044598
-4.845000047	-0.035804
-4.840000047	-0.035804
-4.835000047	-0.035804
-4.830000047	-0.035804
-4.825000047	-0.035804
-4.820000047	0.044598
-4.815000047	-0.035804
-4.810000047	0.044598
-4.805000047	0.044598
-4.800000047	0.044598
-4.795000047	-0.035804
-4.790000047	0.044598
-4.785000047	-0.035804
-4.780000047	0.044598
-4.775000047	0.044598
-4.770000047	-0.116206
-4.765000047	-0.035804
-4.760000047	-0.035804
-4.755000047	-0.035804
-4.750000047	-0.035804
-4.745000047	-0.035804
-4.740000047	-0.116206
-4.735000047	-0.035804
-4.730000047	-0.035804
-4.725000047	0.044598
-4.720000047	0.044598
-4.715000047	-0.116206
-4.710000047	-0.035804
-4.705000047	-0.035804
-4.700000047	-0.116206
-4.695000047	0.044598
-4.690000047	0.044598
-4.685000047	0.044598
-4.680000047	-0.035804
-4.675000047	0.044598
-4.670000047	-0.035804
-4.665000047	-0.116206
-4.660000047	-0.035804
-4.655000047	0.044598
-4.650000047	-0.116206
-4.645000047	-0.035804
-4.640000047	0.044598
-4.635000047	-0.035804
-4.630000047	-0.035804
-4.625000047	-0.035804
-4.620000047	0.044598
-4.615000047	-0.116206
-4.610000047	-0.116206
-4.605000047	-0.035804
-4.600000047	-0.116206
-4.595000047	0.044598
-4.590000047	-0.035804
-4.585000047	-0.035804
-4.580000047	-0.035804
-4.575000047	-0.116206
-4.570000047	0.044598
-4.565000047	-0.035804
-4.560000047	0.044598
-4.555000047	-0.035804
-4.550000047	0.044598
-4.545000047	-0.035804
-4.540000047	0.044598
-4.535000047	-0.035804
-4.530000047	0.044598
-4.525000047	0.044598
-4.520000047	-0.035804
-4.515000047	-0.035804
-4.510000047	-0.116206
-4.505000047	-0.035804
-4.500000047	-0.035804
-4.495000047	-0.035804
-4.490000047	-0.035804
-4.485000047	-0.035804
-4.480000047	-0.035804
-4.475000047	-0.035804
-4.470000047	-0.035804
-4.465000047	-0.035804
-4.460000047	-0.035804
-4.455000047	-0.116206
-4.450000047	-0.035804
-4.445000047	0.044598
-4.440000047	-0.035804
-4.435000047	0.044598
-4.430000047	-0.035804
-4.425000047	-0.035804
-4.420000047	0.044598
-4.415000047	-0.116206
-4.410000047	-0.035804
-4.405000047	-0.035804
-4.400000047	-0.035804
-4.395000047	-0.035804
-4.390000047	-0.035804
-4.385000047	-0.035804
-4.380000047	-0.035804
-4.375000047	-0.035804
-4.370000047	-0.035804
-4.365000047	-0.035804
-4.360000047	-0.035804
-4.355000047	0.044598
-4.350000047	-0.035804
-4.345000047	-0.035804
-4.340000047	0.044598
-4.335000047	-0.035804
-4.330000047	-0.035804
-4.325000047	0.044598
-4.320000047	-0.035804
-4.315000047	-0.035804
-4.310000047	0.044598
-4.305000047	-0.116206
-4.300000047	0.044598
-4.295000047	-0.035804
-4.290000047	-0.035804
-4.285000047	-0.035804
-4.280000047	0.044598
-4.275000047	-0.035804
-4.270000047	-0.035804
-4.265000047	0.044598
-4.260000047	0.044598
-4.255000047	-0.116206
-4.250000047	-0.035804
-4.245000047	-0.116206
-4.240000047	-0.116206
-4.235000047	-0.116206
-4.230000047	-0.035804
-4.225000047	-0.035804
-4.220000047	-0.116206
-4.215000047	-0.116206
-4.210000047	0.044598
-4.205000047	-0.035804
-4.200000047	0.044598
-4.195000047	-0.035804
-4.190000047	-0.035804
-4.185000047	0.044598
-4.180000047	0.044598
-4.175000047	0.044598
-4.170000047	0.044598
-4.165000047	0.044598
-4.160000047	-0.035804
-4.155000047	-0.035804
-4.150000047	0.044598
-4.145000047	0.044598
-4.140000047	-0.035804
-4.135000047	-0.035804
-4.130000047	0.044598
-4.125000047	-0.035804
-4.120000047	0.044598
-4.115000047	0.044598
-4.110000047	0.044598
-4.105000047	-0.035804
-4.100000047	0.044598
-4.095000047	-0.035804
-4.090000047	-0.035804
-4.085000047	-0.035804
-4.080000047	0.044598
-4.075000047	-0.035804
-4.070000047	-0.035804
-4.065000047	-0.116206
-4.060000047	-0.116206
-4.055000047	-0.035804
-4.050000047	-0.035804
-4.045000047	-0.035804
-4.040000047	-0.035804
-4.035000047	-0.035804
-4.030000047	-0.035804
-4.025000047	-0.035804
-4.020000047	-0.035804
-4.015000047	-0.035804
-4.010000047	-0.035804
-4.005000047	-0.116206
-4.000000047	-0.035804
-3.995000047	-0.035804
-3.990000047	-0.035804
-3.985000047	-0.116206
-3.980000047	-0.035804
-3.975000047	-0.035804
-3.970000047	-0.116206
-3.965000047	-0.035804
-3.960000047	-0.035804
-3.955000047	0.044598
-3.950000047	0.044598
-3.945000047	-0.035804
-3.940000047	-0.035804
-3.935000047	-0.035804
-3.930000047	0.125
-3.925000047	0.044598
-3.920000047	-0.035804
-3.915000047	-0.035804
-3.910000047	-0.035804
-3.905000047	-0.035804
-3.900000047	-0.116206
-3.895000047	-0.035804
-3.890000047	-0.116206
-3.885000047	-0.035804
-3.880000047	-0.035804
-3.875000047	-0.035804
-3.870000047	0.044598
-3.865000047	-0.035804
-3.860000047	-0.116206
-3.855000047	-0.035804
-3.850000047	-0.035804
-3.845000047	0.044598
-3.840000047	0.044598
-3.835000047	-0.035804
-3.830000047	-0.035804
-3.825000047	-0.116206
-3.820000047	-0.035804
-3.815000047	-0.035804
-3.810000047	-0.035804
-3.805000047	0.044598
-3.800000047	-0.035804
-3.795000047	-0.035804
-3.790000047	-0.035804
-3.785000047	-0.035804
-3.780000047	-0.035804
-3.775000047	-0.035804
-3.770000047	-0.116206
-3.765000047	-0.035804
-3.760000047	-0.116206
-3.755000047	-0.035804
-3.750000047	-0.035804
-3.745000047	-0.035804
-3.740000047	-0.116206
-3.735000047	-0.035804
-3.730000047	0.044598
-3.725000047	0.044598
-3.720000047	-0.035804
-3.715000047	0.044598
-3.710000047	0.044598
-3.705000047	-0.116206
-3.700000047	-0.035804
-3.695000047	0.044598
-3.690000047	-0.035804
-3.685000047	-0.035804
-3.680000047	-0.035804
-3.675000047	-0.035804
-3.670000047	-0.035804
-3.665000047	0.044598
-3.660000047	-0.116206
-3.655000047	-0.116206
-3.650000047	-0.116206
-3.645000047	-0.035804
-3.640000047	-0.035804
-3.635000047	-0.035804
-3.630000047	0.044598
-3.625000047	-0.035804
-3.620000047	-0.116206
-3.615000047	-0.035804
-3.610000047	0.044598
-3.605000047	0.044598
-3.600000047	-0.035804
-3.595000047	-0.035804
-3.590000047	0.044598
-3.585000047	-0.116206
-3.580000047	-0.035804
-3.575000047	-0.035804
-3.570000047	-0.035804
-3.565000047	-0.035804
-3.560000047	-0.035804
-3.555000047	-0.035804
-3.550000047	-0.116206
-3.545000047	-0.116206
-3.540000047	0.044598
-3.535000047	-0.035804
-3.530000047	-0.035804
-3.525000047	0.044598
-3.520000047	0.044598
-3.515000047	-0.116206
-3.510000047	-0.116206
-3.505000047	-0.116206
-3.500000047	-0.035804
-3.495000047	-0.035804
-3.490000047	-0.035804
-3.485000047	0.044598
-3.480000047	-0.035804
-3.475000047	-0.035804
-3.470000047	-0.035804
-3.465000047	-0.116206
-3.460000047	-0.035804
-3.455000047	-0.035804
-3.450000047	0.044598
-3.445000047	-0.035804
-3.440000047	-0.035804
-3.435000047	-0.035804
-3.430000047	-0.035804
-3.425000047	-0.035804
-3.420000047	0.044598
-3.415000047	-0.035804
-3.410000047	0.044598
-3.405000047	-0.035804
-3.400000047	-0.035804
-3.395000047	0.044598
-3.390000047	-0.035804
-3.385000047	-0.035804
-3.380000047	0.044598
-3.375000047	-0.035804
-3.370000047	0.044598
-3.365000047	-0.035804
-3.360000047	-0.035804
-3.355000047	0.044598
-3.350000047	-0.035804
-3.345000047	0.044598
-3.340000047	-0.035804
-3.335000047	-0.116206
-3.330000047	-0.035804
-3.325000047	-0.035804
-3.320000047	-0.035804
-3.315000047	-0.035804
-3.310000047	0.044598
-3.305000047	-0.035804
-3.300000047	-0.035804
-3.295000047	-0.035804
-3.290000047	-0.035804
-3.285000047	-0.035804
-3.280000047	-0.035804
-3.275000047	0.044598
-3.270000047	-0.035804
-3.265000047	-0.035804
-3.260000047	-0.116206
-3.255000047	-0.035804
-3.250000047	-0.035804
-3.245000047	0.044598
-3.240000047	-0.035804
-3.235000047	-0.035804
-3.230000047	-0.035804
-3.225000047	-0.116206
-3.220000047	-0.035804
-3.215000047	-0.035804
-3.210000047	0.044598
-3.205000047	-0.035804
-3.200000047	-0.035804
-3.195000047	-0.116206
-3.190000047	-0.035804
-3.185000047	-0.035804
-3.180000047	-0.035804
-3.175000047	-0.035804
-3.170000047	-0.035804
-3.165000047	-0.116206
-3.160000047	0.044598
-3.155000047	-0.035804
-3.150000047	0.044598
-3.145000047	-0.116206
-3.140000047	-0.116206
-3.135000047	-0.035804
-3.130000047	-0.035804
-3.125000047	-0.035804
-3.120000047	-0.035804
-3.115000047	-0.035804
-3.110000047	0.044598
-3.105000047	-0.035804
-3.100000047	-0.035804
-3.095000047	-0.035804
-3.090000047	-0.035804
-3.085000047	-0.035804
-3.080000047	-0.035804
-3.075000047	-0.035804
-3.070000047	-0.035804
-3.065000047	-0.035804
-3.060000047	-0.035804
-3.055000047	-0.116206
-3.050000047	0.044598
-3.045000047	-0.035804
-3.040000047	-0.035804
-3.035000047	-0.035804
-3.030000047	-0.035804
-3.025000047	0.044598
-3.020000047	-0.035804
-3.015000047	-0.116206
-3.010000047	-0.035804
-3.005000047	-0.035804
-3.000000047	-0.035804
-2.995000047	-0.035804
-2.990000047	-0.035804
-2.985000047	-0.035804
-2.980000047	0.044598
-2.975000047	-0.035804
-2.970000047	-0.035804
-2.965000047	-0.035804
-2.960000047	-0.035804
-2.955000047	0.044598
-2.950000047	-0.116206
-2.945000047	-0.035804
-2.940000047	-0.035804
-2.935000047	-0.035804
-2.930000047	-0.035804
-2.925000047	-0.035804
-2.920000047	0.044598
-2.915000047	-0.035804
-2.910000047	-0.035804
-2.905000047	-0.035804
-2.900000047	-0.035804
-2.895000047	-0.116206
-2.890000047	-0.035804
-2.885000047	0.044598
-2.880000047	-0.035804
-2.875000047	-0.116206
-2.870000047	-0.035804
-2.865000047	-0.116206
-2.860000047	-0.116206
-2.855000047	-0.035804
-2.850000047	-0.035804
-2.845000047	-0.035804
-2.840000047	-0.035804
-2.835000047	-0.035804
-2.830000047	-0.116206
-2.825000047	-0.116206
-2.820000047	-0.035804
-2.815000047	0.044598
-2.810000047	-0.035804
-2.805000047	-0.035804
-2.800000047	0.044598
-2.795000047	0.044598
-2.790000047	-0.035804
-2.785000047	-0.116206
-2.780000047	-0.035804
-2.775000047	0.044598
-2.770000047	-0.035804
-2.765000047	-0.035804
-2.760000047	-0.116206
-2.755000047	0.044598
-2.750000047	-0.035804
-2.745000047	-0.035804
-2.740000047	-0.116206
-2.735000047	-0.035804
-2.730000047	-0.035804
-2.725000047	-0.116206
-2.720000047	-0.035804
-2.715000047	-0.035804
-2.710000047	-0.035804
-2.705000047	-0.035804
-2.700000047	-0.035804
-2.695000047	-0.116206
-2.690000047	-0.116206
-2.685000047	-0.196608
-2.680000047	0.044598
-2.675000047	-0.116206
-2.670000047	-0.035804
-2.665000047	-0.035804
-2.660000047	-0.035804
-2.655000047	-0.035804
-2.650000047	-0.116206
-2.645000047	-0.035804
-2.640000047	0.044598
-2.635000047	-0.035804
-2.630000047	0.044598
-2.625000047	-0.035804
-2.620000047	-0.035804
-2.615000047	-0.116206
-2.610000047	-0.035804
-2.605000047	0.044598
-2.600000047	-0.035804
-2.595000047	-0.035804
-2.590000047	-0.116206
-2.585000047	-0.035804
-2.580000047	-0.035804
-2.575000047	0.044598
-2.570000047	-0.035804
-2.565000047	-0.035804
-2.560000047	-0.035804
-2.555000047	0.044598
-2.550000047	-0.035804
-2.545000047	-0.116206
-2.540000047	-0.035804
-2.535000047	-0.035804
-2.530000047	-0.035804
-2.525000047	-0.035804
-2.520000047	-0.035804
-2.515000047	-0.116206
-2.510000047	-0.035804
-2.505000047	-0.035804
-2.500000047	-0.035804
-2.495000047	-0.035804
-2.490000047	-0.035804
-2.485000047	-0.116206
-2.480000047	-0.035804
-2.475000047	-0.035804
-2.470000047	0.044598
-2.465000047	-0.035804
-2.460000047	-0.035804
-2.455000047	0.044598
-2.450000047	-0.035804
-2.445000047	-0.116206
-2.440000047	0.044598
-2.435000047	0.044598
-2.430000047	-0.116206
-2.425000047	0.044598
-2.420000047	-0.116206
-2.415000047	-0.035804
-2.410000047	-0.035804
-2.405000047	-0.035804
-2.400000047	-0.035804
-2.395000047	0.044598
-2.390000047	-0.035804
-2.385000047	-0.035804
-2.380000047	0.044598
-2.375000047	0.044598
-2.370000047	-0.035804
-2.365000047	-0.035804
-2.360000047	0.044598
-2.355000047	0.044598
-2.350000047	-0.035804
-2.345000047	-0.035804
-2.340000047	-0.035804
-2.335000047	-0.035804
-2.330000047	-0.035804
-2.325000047	-0.035804
-2.320000047	-0.035804
-2.315000047	-0.035804
-2.310000047	-0.116206
-2.305000047	-0.035804
-2.300000047	-0.116206
-2.295000047	-0.035804
-2.290000047	-0.035804
-2.285000047	-0.035804
-2.280000047	-0.035804
-2.275000047	-0.035804
-2.270000047	0.044598
-2.265000047	-0.035804
-2.260000047	-0.035804
-2.255000047	-0.035804
-2.250000047	-0.035804
-2.245000047	-0.035804
-2.240000047	-0.035804
-2.235000047	-0.035804
-2.230000047	-0.035804
-2.225000047	-0.035804
-2.220000047	0.044598
-2.215000047	-0.116206
-2.210000047	-0.035804
-2.205000047	-0.035804
-2.200000047	-0.116206
-2.195000047	-0.035804
-2.190000047	-0.116206
-2.185000047	-0.035804
-2.180000047	-0.035804
-2.175000047	-0.035804
-2.170000047	-0.035804
-2.165000047	-0.116206
-2.160000047	-0.116206
-2.155000047	-0.035804
-2.150000047	-0.035804
-2.145000047	-0.116206
-2.140000047	0.044598
-2.135000047	0.044598
-2.130000047	-0.035804
-2.125000047	0.044598
-2.120000047	-0.116206
-2.115000047	-0.035804
-2.110000047	0.044598
-2.105000047	-0.116206
-2.100000047	-0.035804
-2.095000047	-0.035804
-2.090000047	-0.035804
-2.085000047	-0.035804
-2.080000047	-0.035804
-2.075000047	-0.035804
-2.070000047	-0.035804
-2.065000047	-0.035804
-2.060000047	0.044598
-2.055000047	-0.035804
-2.050000047	0.044598
-2.045000047	-0.116206
-2.040000047	-0.035804
-2.035000047	-0.035804
-2.030000047	-0.035804
-2.025000047	-0.035804
-2.020000047	-0.116206
-2.015000047	-0.035804
-2.010000047	-0.035804
-2.005000047	-0.035804
-2.000000047	0.044598
-1.995000047	-0.116206
-1.990000047	-0.035804
-1.985000047	-0.116206
-1.980000047	-0.035804
-1.975000047	-0.035804
-1.970000047	-0.035804
-1.965000047	-0.035804
-1.960000047	-0.116206
-1.955000047	-0.035804
-1.950000047	-0.035804
-1.945000047	-0.035804
-1.940000047	0.044598
-1.935000047	-0.035804
-1.930000047	-0.116206
-1.925000047	-0.035804
-1.920000047	-0.035804
-1.915000047	-0.035804
-1.910000047	-0.116206
-1.905000047	-0.035804
-1.900000047	0.044598
-1.895000047	0.044598
-1.890000047	-0.035804
-1.885000047	-0.035804
-1.880000047	0.044598
-1.875000047	-0.116206
-1.870000047	-0.035804
-1.865000047	-0.035804
-1.860000047	-0.035804
-1.855000047	-0.035804
-1.850000047	-0.035804
-1.845000047	-0.035804
-1.840000047	0.044598
-1.835000047	-0.116206
-1.830000047	-0.035804
-1.825000047	-0.035804
-1.820000047	0.044598
-1.815000047	0.125
-1.810000047	-0.116206
-1.805000047	-0.035804
-1.800000047	-0.035804
-1.795000047	-0.035804
-1.790000047	-0.035804
-1.785000047	-0.035804
-1.780000047	-0.035804
-1.775000047	-0.035804
-1.770000047	0.044598
-1.765000047	0.044598
-1.760000047	-0.035804
-1.755000047	-0.035804
-1.750000047	0.044598
-1.745000047	-0.035804
-1.740000047	-0.035804
-1.735000047	-0.035804
-1.730000047	-0.035804
-1.725000047	0.044598
-1.720000047	-0.116206
-1.715000047	-0.035804
-1.710000047	-0.035804
-1.705000047	-0.035804
-1.700000047	-0.035804
-1.695000047	-0.035804
-1.690000047	-0.035804
-1.685000047	0.044598
-1.680000047	-0.035804
-1.675000047	-0.035804
-1.670000047	-0.035804
-1.665000047	-0.035804
-1.660000047	-0.035804
-1.655000047	0.044598
-1.650000047	0.044598
-1.645000047	-0.035804
-1.640000047	-0.116206
-1.635000047	-0.116206
-1.630000047	-0.035804
-1.625000047	-0.035804
-1.620000047	-0.035804
-1.615000047	-0.035804
-1.610000047	-0.035804
-1.605000047	0.044598
-1.600000047	-0.035804
-1.595000047	-0.035804
-1.590000047	0.044598
-1.585000047	-0.035804
-1.580000047	-0.035804
-1.575000047	-0.035804
-1.570000047	-0.035804
-1.565000047	-0.035804
-1.560000047	0.044598
-1.555000047	-0.035804
-1.550000047	-0.035804
-1.545000047	0.044598
-1.540000047	0.044598
-1.535000047	-0.035804
-1.530000047	-0.035804
-1.525000047	-0.035804
-1.520000047	-0.035804
-1.515000047	-0.116206
-1.510000047	0.044598
-1.505000047	-0.035804
-1.500000047	-0.035804
-1.495000047	-0.035804
-1.490000047	-0.116206
-1.485000047	-0.035804
-1.480000047	0.044598
-1.475000047	-0.035804
-1.470000047	-0.035804
-1.465000047	-0.035804
-1.460000047	0.044598
-1.455000047	-0.035804
-1.450000047	-0.035804
-1.445000047	0.044598
-1.440000047	-0.035804
-1.435000047	0.044598
-1.430000047	0.044598
-1.425000047	-0.035804
-1.420000047	-0.116206
-1.415000047	-0.035804
-1.410000047	-0.035804
-1.405000047	-0.116206
-1.400000047	0.044598
-1.395000047	-0.035804
-1.390000047	-0.035804
-1.385000047	-0.035804
-1.380000047	-0.035804
-1.375000047	-0.116206
-1.370000047	-0.116206
-1.365000047	-0.035804
-1.360000047	-0.035804
-1.355000047	-0.116206
-1.350000047	-0.035804
-1.345000047	-0.116206
-1.340000047	-0.035804
-1.335000047	-0.035804
-1.330000047	-0.035804
-1.325000047	-0.035804
-1.320000047	-0.035804
-1.315000047	-0.035804
-1.310000047	-0.035804
-1.305000047	-0.035804
-1.300000047	0.044598
-1.295000047	-0.116206
-1.290000047	-0.035804
-1.285000047	-0.035804
-1.280000047	-0.035804
-1.275000047	0.044598
-1.270000047	0.044598
-1.265000047	-0.116206
-1.260000047	-0.035804
-1.255000047	-0.035804
-1.250000047	-0.035804
-1.245000047	-0.116206
-1.240000047	-0.035804
-1.235000047	-0.035804
-1.230000047	-0.035804
-1.225000047	-0.035804
-1.220000047	-0.035804
-1.215000047	0.044598
-1.210000047	0.044598
-1.205000047	-0.035804
-1.200000047	-0.116206
-1.195000047	-0.035804
-1.190000047	-0.116206
-1.185000047	-0.035804
-1.180000047	-0.116206
-1.175000047	-0.035804
-1.170000047	-0.116206
-1.165000047	-0.035804
-1.160000047	-0.116206
-1.155000047	-0.035804
-1.150000047	-0.035804
-1.145000047	-0.035804
-1.140000047	-0.035804
-1.135000047	-0.035804
-1.130000047	-0.116206
-1.125000047	-0.035804
-1.120000047	-0.035804
-1.115000047	-0.035804
-1.110000047	-0.035804
-1.105000047	-0.035804
-1.100000047	-0.035804
-1.095000047	0.044598
-1.090000047	0.044598
-1.085000047	-0.035804
-1.080000047	-0.035804
-1.075000047	0.044598
-1.070000047	-0.035804
-1.065000047	-0.035804
-1.060000047	0.044598
-1.055000047	-0.035804
-1.050000047	-0.035804
-1.045000047	-0.035804
-1.040000047	-0.035804
-1.035000047	-0.035804
-1.030000047	-0.035804
-1.025000047	-0.035804
-1.020000047	-0.035804
-1.015000047	-0.035804
-1.010000047	-0.035804
-1.005000047	-0.035804
-1.000000047	-0.035804
-0.995000047	-0.116206
-0.990000047	0.044598
-0.985000047	-0.035804
-0.980000047	-0.035804
-0.975000047	-0.035804
-0.970000047	-0.035804
-0.965000047	-0.035804
-0.960000047	0.044598
-0.955000047	0.044598
-0.950000047	-0.116206
-0.945000047	0.044598
-0.940000047	-0.035804
-0.935000047	0.044598
-0.930000047	-0.035804
-0.925000047	-0.035804
-0.920000047	0.044598
-0.915000047	-0.035804
-0.910000047	-0.116206
-0.905000047	-0.035804
-0.900000047	0.044598
-0.895000047	-0.035804
-0.890000047	-0.035804
-0.885000047	-0.035804
-0.880000047	-0.035804
-0.875000047	-0.035804
-0.870000047	-0.035804
-0.865000047	-0.035804
-0.860000047	-0.035804
-0.855000047	-0.035804
-0.850000047	-0.035804
-0.845000047	-0.035804
-0.840000047	-0.035804
-0.835000047	-0.035804
-0.830000047	-0.035804
-0.825000047	-0.116206
-0.820000047	-0.116206
-0.815000047	-0.035804
-0.810000047	-0.035804
-0.805000047	-0.035804
-0.800000047	-0.035804
-0.795000047	-0.035804
-0.790000047	-0.035804
-0.785000047	-0.035804
-0.780000047	-0.035804
-0.775000047	-0.116206
-0.770000047	-0.035804
-0.765000047	-0.116206
-0.760000047	-0.035804
-0.755000047	-0.035804
-0.750000047	-0.035804
-0.745000047	-0.035804
-0.740000047	-0.116206
-0.735000047	-0.035804
-0.730000047	0.044598
-0.725000047	-0.116206
-0.720000047	-0.116206
-0.715000047	-0.035804
-0.710000047	0.044598
-0.705000047	-0.035804
-0.700000047	0.044598
-0.695000047	-0.035804
-0.690000047	0.044598
-0.685000047	-0.035804
-0.680000047	-0.035804
-0.675000047	0.044598
-0.670000047	-0.035804
-0.665000047	-0.035804
-0.660000047	-0.035804
-0.655000047	-0.116206
-0.650000047	-0.116206
-0.645000047	-0.035804
-0.640000047	-0.035804
-0.635000047	-0.035804
-0.630000047	-0.035804
-0.625000047	-0.035804
-0.620000047	-0.035804
-0.615000047	-0.035804
-0.610000047	0.044598
-0.605000047	-0.116206
-0.600000047	-0.035804
-0.595000047	-0.035804
-0.590000047	-0.035804
-0.585000047	-0.116206
-0.580000047	-0.116206
-0.575000047	-0.035804
-0.570000047	-0.035804
-0.565000047	0.044598
-0.560000047	-0.035804
-0.555000047	0.044598
-0.550000047	-0.116206
-0.545000047	0.044598
-0.540000047	-0.035804
-0.535000047	-0.035804
-0.530000047	-0.116206
-0.525000047	0.044598
-0.520000047	-0.035804
-0.515000047	0.044598
-0.510000047	-0.035804
-0.505000047	-0.035804
-0.500000047	-0.035804
-0.495000047	0.044598
-0.490000047	-0.035804
-0.485000047	-0.035804
-0.480000047	-0.116206
-0.475000047	-0.116206
-0.470000047	-0.035804
-0.465000047	-0.035804
-0.460000047	-0.035804
-0.455000047	-0.116206
-0.450000047	-0.035804
-0.445000047	0.044598
-0.440000047	-0.035804
-0.435000047	-0.035804
-0.430000047	-0.116206
-0.425000047	-0.116206
-0.420000047	0.044598
-0.415000047	-0.035804
-0.410000047	-0.116206
-0.405000047	-0.116206
-0.400000047	-0.035804
-0.395000047	-0.035804
-0.390000047	-0.116206
-0.385000047	-0.035804
-0.380000047	-0.035804
-0.375000047	0.044598
-0.370000047	0.044598
-0.365000047	-0.035804
-0.360000047	-0.035804
-0.355000047	0.044598
-0.350000047	-0.035804
-0.345000047	0.044598
-0.340000047	0.044598
-0.335000047	0.044598
-0.330000047	0.044598
-0.325000047	0.044598
-0.320000047	0.044598
-0.315000047	-0.035804
-0.310000047	-0.035804
-0.305000047	0.044598
-0.300000047	0.044598
-0.295000047	-0.035804
-0.290000047	-0.035804
-0.285000047	0.044598
-0.280000047	-0.035804
-0.275000047	0.044598
-0.270000047	-0.035804
-0.265000047	-0.035804
-0.260000047	-0.035804
-0.255000047	0.044598
-0.250000047	-0.035804
-0.245000047	-0.035804
-0.240000047	0.044598
-0.235000047	0.044598
-0.230000047	0.044598
-0.225000047	0.044598
-0.220000047	-0.035804
-0.215000047	0.125
-0.210000047	0.044598
-0.205000047	0.044598
-0.200000047	0.044598
-0.195000047	-0.035804
-0.190000047	0.044598
-0.185000047	0.044598
-0.180000047	-0.035804
-0.175000047	-0.035804
-0.170000047	-0.035804
-0.165000047	-0.035804
-0.160000047	-0.035804
-0.155000047	0.044598
-0.150000047	0.044598
-0.145000047	0.044598
-0.140000047	-0.035804
-0.135000047	0.044598
-0.130000047	-0.035804
-0.125000047	0.044598
-0.120000047	0.044598
-0.115000047	0.044598
-0.110000047	-0.035804
-0.105000047	0.044598
-0.100000047	-0.035804
-0.095000047	-0.035804
-0.090000047	-0.035804
-0.085000047	-0.035804
-0.080000047	-0.035804
-0.075000047	-0.035804
-0.070000047	0.044598
-0.065000047	-0.035804
-0.060000047	-0.035804
-0.055000047	-0.035804
-0.050000047	-0.035804
-0.045000047	-0.035804
-0.040000047	-0.035804
-0.035000047	0.044598
-0.030000047	-0.035804
-0.025000047	-0.035804
-0.020000047	0.044598
-0.015000047	0.044598
-0.010000047	0.044598
-0.005000047	-0.035804
-4.678E-08	-0.035804
0.004999953	1.57224
0.009999953	1.49183
0.014999953	1.41143
0.019999953	1.33103
0.024999953	1.17023
0.029999953	1.17023
0.034999953	1.00942
0.039999953	0.848618
0.044999953	0.848618
0.049999953	0.848618
0.054999953	0.768216
0.059999953	0.687814
0.064999953	0.687814
0.069999953	0.607412
0.074999953	0.52701
0.079999953	0.607412
0.084999953	0.52701
0.089999953	0.446608
0.094999953	0.446608
0.099999953	0.366206
0.104999953	0.366206
0.109999953	0.285804
0.114999953	0.366206
0.119999953	0.285804
0.124999953	0.205402
0.129999953	0.366206
0.134999953	0.205402
0.139999953	0.285804
0.144999953	0.285804
0.149999953	0.205402
0.154999953	0.125
0.159999953	0.125
0.164999953	0.285804
0.169999953	0.205402
0.174999953	0.205402
0.179999953	0.125
0.184999953	0.044598
0.189999953	0.044598
0.194999953	0.125
0.199999953	0.205402
0.204999953	0.125
0.209999953	0.125
0.214999953	0.044598
0.219999953	0.125
0.224999953	0.044598
0.229999953	0.125
0.234999953	0.044598
0.239999953	0.044598
0.244999953	0.125
0.249999953	0.044598
0.254999953	0.044598
0.259999953	0.125
0.264999953	0.044598
0.269999953	0.044598
0.274999953	0.044598
0.279999953	0.044598
0.284999953	0.044598
0.289999953	0.125
0.294999953	-0.035804
0.299999953	-0.035804
0.304999953	0.044598
0.309999953	0.044598
0.314999953	0.044598
0.319999953	-0.035804
0.324999953	-0.035804
0.329999953	-0.116206
0.334999953	0.125
0.339999953	0.044598
0.344999953	0.044598
0.349999953	-0.035804
0.354999953	0.044598
0.359999953	-0.035804
0.364999953	-0.035804
0.369999953	0.044598
0.374999953	-0.035804
0.379999953	-0.116206
0.384999953	-0.035804
0.389999953	0.125
0.394999953	0.044598
0.399999953	-0.035804
0.404999953	0.044598
0.409999953	0.044598
0.414999953	-0.035804
0.419999953	-0.035804
0.424999953	0.044598
0.429999953	0.044598
0.434999953	-0.035804
0.439999953	0.044598
0.444999953	0.044598
0.449999953	0.044598
0.454999953	-0.035804
0.459999953	0.044598
0.464999953	0.044598
0.469999953	0.044598
0.474999953	-0.035804
0.479999953	-0.035804
0.484999953	-0.035804
0.489999953	0.044598
0.494999953	0.044598
0.499999953	-0.116206
0.504999953	0.044598
0.509999953	-0.035804
0.514999953	0.044598
0.519999953	-0.035804
0.524999953	-0.035804
0.529999953	0.044598
0.534999953	-0.035804
0.539999953	0.044598
0.544999953	0.044598
0.549999953	0.044598
0.554999953	-0.035804
0.559999953	-0.035804
0.564999953	-0.035804
0.569999953	0.044598
0.574999953	-0.035804
0.579999953	-0.035804
0.584999953	-0.035804
0.589999953	-0.035804
0.594999953	0.044598
0.599999953	-0.035804
0.604999953	-0.035804
0.609999953	0.044598
0.614999953	-0.035804
0.619999953	0.044598
0.624999953	-0.035804
0.629999953	0.044598
0.634999953	-0.035804
0.639999953	0.044598
0.644999953	-0.035804
0.649999953	-0.035804
0.654999953	-0.035804
0.659999953	0.044598
0.664999953	-0.035804
0.669999953	0.044598
0.674999953	0.044598
0.679999953	-0.035804
0.684999953	-0.035804
0.689999953	0.044598
0.694999953	-0.035804
0.699999953	0.044598
0.704999953	0.044598
0.709999953	-0.035804
0.714999953	0.044598
0.719999953	-0.035804
0.724999953	-0.035804
0.729999953	-0.035804
0.734999953	0.044598
0.739999953	-0.035804
0.744999953	0.044598
0.749999953	0.044598
0.754999953	0.044598
0.759999953	-0.035804
0.764999953	-0.035804
0.769999953	-0.035804
0.774999953	0.044598
0.779999953	0.044598
0.784999953	-0.035804
0.789999953	-0.035804
0.794999953	-0.116206
0.799999953	-0.035804
0.804999953	-0.035804
0.809999953	-0.035804
0.814999953	-0.035804
0.819999953	-0.035804
0.824999953	-0.035804
0.829999953	-0.035804
0.834999953	0.044598
0.839999953	-0.035804
0.844999953	0.044598
0.849999953	-0.035804
0.854999953	0.044598
0.859999953	-0.035804
0.864999953	-0.035804
0.869999953	-0.035804
0.874999953	0.044598
0.879999953	0.044598
0.884999953	-0.035804
0.889999953	0.125
0.894999953	-0.035804
0.899999953	-0.116206
0.904999953	-0.035804
0.909999953	-0.035804
0.914999953	0.044598
0.919999953	-0.035804
0.924999953	-0.035804
0.929999953	-0.035804
0.934999953	-0.035804
0.939999953	0.044598
0.944999953	-0.035804
0.949999953	0.044598
0.954999953	0.044598
0.959999953	-0.035804
0.964999953	-0.035804
0.969999953	-0.035804
0.974999953	0.044598
0.979999953	0.044598
0.984999953	-0.035804
0.989999953	-0.035804
0.994999953	-0.035804
0.999999953	0.044598
1.004999953	-0.035804
1.009999953	0.044598
1.014999953	0.044598
1.019999953	-0.116206
1.024999953	0.044598
1.029999953	-0.035804
1.034999953	0.044598
1.039999953	-0.035804
1.044999953	0.044598
1.049999953	0.044598
1.054999953	0.044598
1.059999953	-0.035804
1.064999953	-0.035804
1.069999953	-0.035804
1.074999953	-0.035804
1.079999953	-0.035804
1.084999953	-0.035804
1.089999953	-0.035804
1.094999953	0.044598
1.099999953	-0.035804
1.104999953	-0.035804
1.109999953	-0.035804
1.114999953	-0.035804
1.119999953	-0.035804
1.124999953	-0.035804
1.129999953	-0.035804
1.134999953	-0.035804
1.139999953	-0.035804
1.144999953	0.044598
1.149999953	0.044598
1.154999953	-0.116206
1.159999953	-0.116206
1.164999953	-0.035804
1.169999953	-0.035804
1.174999953	-0.035804
1.179999953	0.044598
1.184999953	-0.035804
1.189999953	-0.035804
1.194999953	-0.035804
1.199999953	-0.035804
1.204999953	-0.035804
1.209999953	-0.035804
1.214999953	0.044598
1.219999953	-0.035804
1.224999953	0.044598
1.229999953	-0.035804
1.234999953	-0.035804
1.239999953	-0.116206
1.244999953	-0.035804
1.249999953	-0.035804
1.254999953	-0.035804
1.259999953	-0.035804
1.264999953	0.125
1.269999953	0.044598
1.274999953	-0.035804
1.279999953	-0.035804
1.284999953	-0.035804
1.289999953	0.044598
1.294999953	-0.035804
1.299999953	-0.035804
1.304999953	0.044598
1.309999953	-0.035804
1.314999953	-0.035804
1.319999953	-0.035804
1.324999953	-0.035804
1.329999953	-0.116206
1.334999953	-0.035804
1.339999953	0.044598
1.344999953	-0.035804
1.349999953	-0.035804
1.354999953	-0.035804
1.359999953	-0.035804
1.364999953	0.044598
1.369999953	-0.035804
1.374999953	-0.035804
1.379999953	-0.035804
1.384999953	0.044598
1.389999953	-0.035804
1.394999953	0.044598
1.399999953	-0.116206
1.404999953	-0.035804
1.409999953	-0.116206
1.414999953	0.044598
1.419999953	-0.035804
1.424999953	-0.035804
1.429999953	-0.035804
1.434999953	-0.035804
1.439999953	-0.035804
1.444999953	0.044598
1.449999953	0.044598
1.454999953	-0.035804
1.459999953	-0.035804
1.464999953	-0.035804
1.469999953	-0.035804
1.474999953	-0.035804
1.479999953	-0.035804
1.484999953	0.044598
1.489999953	-0.035804
1.494999953	-0.035804
1.499999953	-0.035804
1.504999953	-0.035804
1.509999953	0.044598
1.514999953	-0.035804
1.519999953	-0.116206
1.524999953	-0.035804
1.529999953	-0.035804
1.534999953	-0.035804
1.539999953	-0.035804
1.544999953	-0.035804
1.549999953	0.044598
1.554999953	-0.035804
1.559999953	-0.116206
1.564999953	-0.035804
1.569999953	-0.116206
1.574999953	0.044598
1.579999953	-0.035804
1.584999953	-0.035804
1.589999953	0.044598
1.594999953	0.044598
1.599999953	0.044598
1.604999953	-0.035804
1.609999953	-0.035804
1.614999953	-0.035804
1.619999953	-0.116206
1.624999953	-0.035804
1.629999953	0.044598
1.634999953	0.044598
1.639999953	-0.035804
1.644999953	-0.035804
1.649999953	-0.035804
1.654999953	-0.035804
1.659999953	-0.035804
1.664999953	0.044598
1.669999953	0.044598
1.674999953	-0.116206
1.679999953	-0.116206
1.684999953	-0.035804
1.689999953	-0.035804
1.694999953	0.044598
1.699999953	0.044598
1.704999953	-0.035804
1.709999953	-0.035804
1.714999953	-0.035804
1.719999953	-0.035804
1.724999953	-0.116206
1.729999953	-0.035804
1.734999953	-0.035804
1.739999953	-0.116206
1.744999953	0.044598
1.749999953	-0.035804
1.754999953	-0.035804
1.759999953	-0.035804
1.764999953	-0.035804
1.769999953	0.044598
1.774999953	-0.035804
1.779999953	0.044598
1.784999953	-0.035804
1.789999953	0.044598
1.794999953	-0.035804
1.799999953	-0.035804
1.804999953	-0.035804
1.809999953	0.044598
1.814999953	-0.035804
1.819999953	-0.035804
1.824999953	-0.116206
1.829999953	-0.035804
1.834999953	-0.035804
1.839999953	-0.116206
1.844999953	-0.035804
1.849999953	-0.116206
1.854999953	-0.116206
1.859999953	-0.035804
1.864999953	-0.035804
1.869999953	0.125
1.874999953	-0.035804
1.879999953	-0.035804
1.884999953	0.044598
1.889999953	-0.035804
1.894999953	0.044598
1.899999953	-0.035804
1.904999953	-0.035804
1.909999953	-0.035804
1.914999953	-0.035804
1.919999953	-0.035804
1.924999953	-0.035804
1.929999953	-0.116206
1.934999953	-0.035804
1.939999953	0.044598
1.944999953	-0.116206
1.949999953	-0.035804
1.954999953	-0.035804
1.959999953	-0.035804
1.964999953	0.044598
1.969999953	-0.035804
1.974999953	-0.035804
1.979999953	0.044598
1.984999953	-0.035804
1.989999953	-0.035804
1.994999953	-0.035804
1.999999953	-0.035804
2.004999953	0.044598
2.009999953	-0.035804
2.014999953	-0.035804
2.019999953	-0.116206
2.024999953	-0.035804
2.029999953	-0.035804
2.034999953	-0.116206
2.039999953	-0.035804
2.044999953	-0.035804
2.049999953	-0.035804
2.054999953	-0.035804
2.059999953	-0.035804
2.064999953	0.044598
2.069999953	-0.035804
2.074999953	-0.035804
2.079999953	0.044598
2.084999953	-0.035804
2.089999953	-0.035804
2.094999953	-0.035804
2.099999953	0.044598
2.104999953	-0.035804
2.109999953	-0.035804
2.114999953	0.044598
2.119999953	-0.035804
2.124999953	-0.035804
2.129999953	-0.035804
2.134999953	-0.035804
2.139999953	-0.035804
2.144999953	-0.035804
2.149999953	-0.035804
2.154999953	-0.116206
2.159999953	-0.035804
2.164999953	-0.035804
2.169999953	-0.116206
2.174999953	-0.116206
2.179999953	-0.035804
2.184999953	-0.035804
2.189999953	0.044598
2.194999953	-0.035804
2.199999953	-0.035804
2.204999953	-0.116206
2.209999953	-0.035804
2.214999953	0.044598
2.219999953	0.044598
2.224999953	-0.035804
2.229999953	-0.035804
2.234999953	-0.035804
2.239999953	-0.035804
2.244999953	-0.116206
2.249999953	-0.116206
2.254999953	0.044598
2.259999953	-0.035804
2.264999953	-0.116206
2.269999953	-0.035804
2.274999953	-0.035804
2.279999953	0.044598
2.284999953	-0.196608
2.289999953	0.044598
2.294999953	-0.035804
2.299999953	-0.116206
2.304999953	-0.035804
2.309999953	-0.035804
2.314999953	-0.035804
2.319999953	-0.116206
2.324999953	-0.116206
2.329999953	-0.035804
2.334999953	-0.035804
2.339999953	-0.035804
2.344999953	-0.035804
2.349999953	-0.035804
2.354999953	-0.035804
2.359999953	-0.116206
2.364999953	-0.035804
2.369999953	-0.035804
2.374999953	0.044598
2.379999953	-0.035804
2.384999953	0.044598
2.389999953	-0.035804
2.394999953	-0.035804
2.399999953	-0.116206
2.404999953	-0.035804
2.409999953	-0.035804
2.414999953	-0.116206
2.419999953	-0.035804
2.424999953	-0.035804
2.429999953	-0.035804
2.434999953	0.044598
2.439999953	-0.035804
2.444999953	-0.035804
2.449999953	-0.035804
2.454999953	-0.035804
2.459999953	-0.035804
2.464999953	-0.035804
2.469999953	-0.035804
2.474999953	0.044598
2.479999953	-0.116206
2.484999953	0.044598
2.489999953	-0.035804
2.494999953	0.044598
2.499999953	-0.035804
2.504999953	-0.035804
2.509999953	-0.035804
2.514999953	-0.035804
2.519999953	0.044598
2.524999953	-0.035804
2.529999953	-0.035804
2.534999953	-0.035804
2.539999953	0.044598
2.544999953	-0.116206
2.549999953	0.044598
2.554999953	-0.035804
2.559999953	0.044598
2.564999953	0.044598
2.569999953	-0.035804
2.574999953	-0.035804
2.579999953	0.044598
2.584999953	-0.035804
2.589999953	-0.035804
2.594999953	0.125
2.599999953	-0.035804
2.604999953	-0.035804
2.609999953	-0.035804
2.614999953	0.044598
2.619999953	-0.035804
2.624999953	-0.035804
2.629999953	0.044598
2.634999953	-0.116206
2.639999953	-0.035804
2.644999953	-0.035804
2.649999953	0.044598
2.654999953	-0.035804
2.659999953	0.044598
2.664999953	0.044598
2.669999953	-0.035804
2.674999953	0.044598
2.679999953	-0.035804
2.684999953	-0.116206
2.689999953	0.044598
2.694999953	-0.035804
2.699999953	-0.035804
2.704999953	0.044598
2.709999953	-0.035804
2.714999953	0.044598
2.719999953	-0.035804
2.724999953	-0.116206
2.729999953	-0.035804
2.734999953	-0.035804
2.739999953	-0.035804
2.744999953	0.044598
2.749999953	0.044598
2.754999953	0.044598
2.759999953	-0.035804
2.764999953	-0.035804
2.769999953	-0.035804
2.774999953	-0.035804
2.779999953	-0.035804
2.784999953	0.044598
2.789999953	-0.035804
2.794999953	-0.035804
2.799999953	0.044598
2.804999953	-0.035804
2.809999953	-0.035804
2.814999953	-0.035804
2.819999953	-0.035804
2.824999953	-0.035804
2.829999953	-0.035804
2.834999953	-0.035804
2.839999953	-0.116206
2.844999953	0.044598
2.849999953	0.044598
2.854999953	-0.035804
2.859999953	-0.035804
2.864999953	0.044598
2.869999953	-0.035804
2.874999953	0.044598
2.879999953	-0.035804
2.884999953	-0.035804
2.889999953	-0.035804
2.894999953	-0.035804
2.899999953	0.044598
2.904999953	-0.116206
2.909999953	0.044598
2.914999953	-0.035804
2.919999953	-0.035804
2.924999953	-0.035804
2.929999953	-0.035804
2.934999953	-0.035804
2.939999953	-0.035804
2.944999953	-0.116206
2.949999953	-0.035804
2.954999953	-0.116206
2.959999953	0.044598
2.964999953	-0.035804
2.969999953	-0.035804
2.974999953	0.044598
2.979999953	-0.035804
2.984999953	-0.035804
2.989999953	-0.035804
2.994999953	0.044598
2.999999953	-0.035804
3.004999953	-0.035804
3.009999953	0.044598
3.014999953	-0.035804
3.019999953	-0.116206
3.024999953	-0.116206
3.029999953	-0.035804
3.034999953	0.044598
3.039999953	-0.116206
3.044999953	-0.116206
3.049999953	-0.035804
3.054999953	-0.035804
3.059999953	0.044598
3.064999953	-0.035804
3.069999953	-0.035804
3.074999953	0.044598
3.079999953	0.044598
3.084999953	-0.035804
3.089999953	-0.035804
3.094999953	-0.035804
3.099999953	-0.035804
3.104999953	0.044598
3.109999953	-0.116206
3.114999953	-0.035804
3.119999953	-0.035804
3.124999953	-0.035804
3.129999953	-0.035804
3.134999953	-0.035804
3.139999953	-0.035804
3.144999953	-0.116206
3.149999953	-0.035804
3.154999953	-0.035804
3.159999953	-0.035804
3.164999953	-0.035804
3.169999953	-0.035804
3.174999953	-0.035804
3.179999953	0.044598
3.184999953	-0.116206
3.189999953	-0.116206
3.194999953	0.044598
3.199999953	-0.035804
3.204999953	-0.035804
3.209999953	-0.035804
3.214999953	-0.116206
3.219999953	-0.035804
3.224999953	-0.035804
3.229999953	-0.035804
3.234999953	0.044598
3.239999953	-0.035804
3.244999953	-0.035804
3.249999953	-0.035804
3.254999953	0.044598
3.259999953	-0.035804
3.264999953	-0.035804
3.269999953	-0.116206
3.274999953	-0.035804
3.279999953	-0.035804
3.284999953	-0.035804
3.289999953	-0.035804
3.294999953	-0.035804
3.299999953	-0.035804
3.304999953	-0.116206
3.309999953	-0.035804
3.314999953	0.044598
3.319999953	-0.035804
3.324999953	-0.035804
3.329999953	-0.035804
3.334999953	-0.035804
3.339999953	-0.116206
3.344999953	-0.035804
3.349999953	-0.035804
3.354999953	-0.035804
3.359999953	-0.035804
3.364999953	-0.116206
3.369999953	-0.035804
3.374999953	-0.035804
3.379999953	0.044598
3.384999953	-0.035804
3.389999953	-0.035804
3.394999953	-0.035804
3.399999953	-0.035804
3.404999953	-0.035804
3.409999953	0.044598
3.414999953	-0.035804
3.419999953	-0.035804
3.424999953	-0.035804
3.429999953	-0.035804
3.434999953	-0.035804
3.439999953	-0.035804
3.444999953	-0.035804
3.449999953	-0.035804
3.454999953	-0.035804
3.459999953	-0.035804
3.464999953	-0.116206
3.469999953	-0.035804
3.474999953	-0.035804
3.479999953	0.044598
3.484999953	-0.035804
3.489999953	-0.035804
3.494999953	0.044598
3.499999953	-0.035804
3.504999953	-0.035804
3.509999953	0.044598
3.514999953	-0.035804
3.519999953	-0.116206
3.524999953	-0.035804
3.529999953	0.044598
3.534999953	-0.116206
3.539999953	-0.035804
3.544999953	-0.116206
3.549999953	-0.035804
3.554999953	-0.035804
3.559999953	-0.035804
3.564999953	-0.035804
3.569999953	-0.035804
3.574999953	0.044598
3.579999953	-0.035804
3.584999953	-0.035804
3.589999953	-0.035804
3.594999953	-0.035804
3.599999953	-0.035804
3.604999953	-0.035804
3.609999953	-0.035804
3.614999953	-0.035804
3.619999953	-0.035804
3.624999953	-0.035804
3.629999953	-0.035804
3.634999953	-0.035804
3.639999953	-0.116206
3.644999953	0.044598
3.649999953	-0.035804
3.654999953	-0.035804
3.659999953	0.044598
3.664999953	-0.116206
3.669999953	-0.035804
3.674999953	0.044598
3.679999953	-0.116206
3.684999953	-0.035804
3.689999953	0.044598
3.694999953	-0.035804
3.699999953	-0.035804
3.704999953	-0.116206
3.709999953	-0.035804
3.714999953	-0.035804
3.719999953	-0.035804
3.724999953	-0.035804
3.729999953	-0.035804
3.734999953	-0.035804
3.739999953	0.044598
3.744999953	-0.035804
3.749999953	-0.116206
3.754999953	-0.035804
3.759999953	-0.035804
3.764999953	-0.116206
3.769999953	0.044598
3.774999953	-0.035804
3.779999953	-0.035804
3.784999953	-0.116206
3.789999953	-0.116206
3.794999953	-0.035804
3.799999953	-0.035804
3.804999953	-0.116206
3.809999953	-0.035804
3.814999953	-0.035804
3.819999953	-0.035804
3.824999953	-0.035804
3.829999953	-0.035804
3.834999953	-0.035804
3.839999953	-0.035804
3.844999953	-0.035804
3.849999953	-0.116206
3.854999953	-0.035804
3.859999953	-0.035804
3.864999953	-0.116206
3.869999953	-0.035804
3.874999953	-0.035804
3.879999953	-0.035804
3.884999953	-0.116206
3.889999953	-0.116206
3.894999953	-0.035804
3.899999953	-0.035804
3.904999953	0.044598
3.909999953	0.044598
3.914999953	-0.035804
3.919999953	0.044598
3.924999953	-0.035804
3.929999953	-0.116206
3.934999953	-0.035804
3.939999953	-0.035804
3.944999953	-0.035804
3.949999953	-0.035804
3.954999953	-0.035804
3.959999953	-0.035804
3.964999953	-0.035804
3.969999953	-0.035804
3.974999953	-0.116206
3.979999953	-0.116206
3.984999953	-0.035804
3.989999953	-0.035804
3.994999953	-0.116206
3.999999953	-0.116206
4.004999953	-0.035804
4.009999953	-0.035804
4.014999953	0.044598
4.019999953	0.044598
4.024999953	-0.116206
4.029999953	-0.035804
4.034999953	-0.035804
4.039999953	-0.035804
4.044999953	-0.035804
4.049999953	-0.035804
4.054999953	0.044598
4.059999953	-0.035804
4.064999953	0.044598
4.069999953	0.044598
4.074999953	-0.035804
4.079999953	0.044598
4.084999953	-0.035804
4.089999953	0.044598
4.094999953	-0.035804
4.099999953	-0.035804
4.104999953	-0.035804
4.109999953	-0.035804
4.114999953	-0.035804
4.119999953	-0.035804
4.124999953	-0.035804
4.129999953	-0.035804
4.134999953	-0.035804
4.139999953	-0.116206
4.144999953	0.044598
4.149999953	-0.035804
4.154999953	-0.116206
4.159999953	-0.035804
4.164999953	-0.116206
4.169999953	0.044598
4.174999953	0.044598
4.179999953	-0.035804
4.184999953	0.044598
4.189999953	-0.035804
4.194999953	-0.035804
4.199999953	-0.035804
4.204999953	-0.035804
4.209999953	-0.035804
4.214999953	-0.035804
4.219999953	-0.035804
4.224999953	-0.035804
4.229999953	-0.116206
4.234999953	-0.035804
4.239999953	-0.035804
4.244999953	-0.035804
4.249999953	-0.035804
4.254999953	-0.035804
4.259999953	-0.116206
4.264999953	-0.035804
4.269999953	-0.035804
4.274999953	-0.035804
4.279999953	0.044598
4.284999953	-0.035804
4.289999953	-0.116206
4.294999953	0.044598
4.299999953	-0.035804
4.304999953	-0.035804
4.309999953	-0.035804
4.314999953	-0.116206
4.319999953	-0.116206
4.324999953	-0.116206
4.329999953	-0.116206
4.334999953	-0.035804
4.339999953	-0.035804
4.344999953	-0.035804
4.349999953	-0.116206
4.354999953	-0.116206
4.359999953	-0.035804
4.364999953	-0.035804
4.369999953	-0.035804
4.374999953	-0.035804
4.379999953	-0.035804
4.384999953	-0.035804
4.389999953	-0.116206
4.394999953	-0.035804
4.399999953	-0.035804
4.404999953	0.044598
4.409999953	-0.035804
4.414999953	-0.035804
4.419999953	-0.116206
4.424999953	0.044598
4.429999953	-0.035804
4.434999953	-0.035804
4.439999953	-0.035804
4.444999953	-0.035804
4.449999953	0.044598
4.454999953	-0.116206
4.459999953	-0.035804
4.464999953	-0.035804
4.469999953	-0.035804
4.474999953	-0.035804
4.479999953	-0.116206
4.484999953	-0.035804
4.489999953	-0.116206
4.494999953	0.044598
4.499999953	-0.035804
4.504999953	-0.035804
4.509999953	0.044598
4.514999953	-0.035804
4.519999953	-0.035804
4.524999953	-0.116206
4.529999953	-0.035804
4.534999953	-0.116206
4.539999953	-0.035804
4.544999953	-0.035804
4.549999953	-0.035804
4.554999953	-0.035804
4.559999953	-0.116206
4.564999953	-0.035804
4.569999953	-0.035804
4.574999953	0.044598
4.579999953	0.044598
4.584999953	-0.116206
4.589999953	0.044598
4.594999953	-0.035804
4.599999953	-0.116206
4.604999953	0.044598
4.609999953	-0.035804
4.614999953	0.125
4.619999953	0.044598
4.624999953	-0.035804
4.629999953	-0.116206
4.634999953	-0.035804
4.639999953	0.044598
4.644999953	0.044598
4.649999953	-0.035804
4.654999953	-0.035804
4.659999953	-0.035804
4.664999953	-0.035804
4.669999953	-0.116206
4.674999953	-0.035804
4.679999953	-0.035804
4.684999953	0.044598
4.689999953	-0.035804
4.694999953	-0.035804
4.699999953	-0.035804
4.704999953	0.044598
4.709999953	-0.035804
4.714999953	-0.035804
4.719999953	-0.035804
4.724999953	-0.035804
4.729999953	-0.035804
4.734999953	-0.035804
4.739999953	-0.035804
4.744999953	-0.116206
4.749999953	-0.035804
4.754999953	-0.035804
4.759999953	-0.035804
4.764999953	-0.116206
4.769999953	-0.035804
4.774999953	-0.035804
4.779999953	-0.035804
4.784999953	-0.116206
4.789999953	-0.035804
4.794999953	0.044598
4.799999953	-0.035804
4.804999953	-0.035804
4.809999953	0.044598
4.814999953	-0.035804
4.819999953	0.044598
4.824999953	0.044598
4.829999953	-0.035804
4.834999953	-0.035804
4.839999953	-0.035804
4.844999953	-0.035804
4.849999953	-0.116206
4.854999953	-0.035804
4.859999953	-0.116206
4.864999953	-0.035804
4.869999953	-0.196608
4.874999953	-0.035804
4.879999953	-0.035804
4.884999953	-0.035804
4.889999953	-0.035804
4.894999953	-0.035804
4.899999953	-0.035804
4.904999953	-0.116206
4.909999953	-0.116206
4.914999953	-0.035804
4.919999953	0.044598
4.924999953	-0.035804
4.929999953	-0.035804
4.934999953	-0.035804
4.939999953	-0.035804
4.944999953	-0.116206
4.949999953	0.044598
4.954999953	-0.035804
4.959999953	-0.035804
4.964999953	-0.035804
4.969999953	-0.035804
4.974999953	-0.035804
4.979999953	-0.035804
4.984999953	-0.035804
4.989999953	-0.035804
4.994999953	-0.035804
